
91056
456
455
454
454
453
453
453
453
453
453
453
453
4
499
493
487
482
478
473
469
466
463
460
459
457
456
456
455
454
454
453
453
453
453
453
453
453
453
45
499
493
487
482
478
473
469
466
463
460
459
457
456
456
455
454
454
453
453
453
453
453
453
453
453
45
430
425
421

417
415
413

413
414
415
416

418
420
422

424
427
430

432
436
446
4
56
465
473
4
80
486
492
49
6
500
504
509

514
519
528

537
548
563

581
602
624

649
674
701
7
28
756
781
80
6
829
848
86
3
874
883
887

887
882
875

863
850
833
814

793
770
747

722
696
669

643
618
593
5
69
546
526
5
07
488
471
45
6
442
430
418

411
405
400

398
398
401

405
409
416

424
434
445
4
56
468
480
49
1
501
510
51
8
525
531
536

540
543
543
543

542
539

535
531
527
521

516
510
503

496
490
483
4
78
472
467
4
63
460
457
45
4
452
451
450

449
449
448

448
449
449

451
452
454

457
458
460
4
62
464
466
468
4
69
471
47
1
471
470
470
47
0
470
471
471

470
470
472

475
481
488

499
513
531

553
580
610
6
43
678
715
75
2
790
826
86
0
891
912
913

913
913
913

913
913
913

913
913
913

913
913
897
8
72
844
815
78
6
757
727
699
6
71
644
618
59
2
569
546
526

506
488
472

456
442
431

422
414
408

404
401
400
4
01
404
408
41
4
419
426
43
4
442
451
460

468
476
483

489
494
499

503
506
508

510
510
510
509

508
505
502
4
99
495
491

486
482
477
47
3
469
466
463

460
457
455

453
452
451

450
450
450

450
451
451
4
52
453
453
45
4
454
454
45
5
456
456
457

457
457
457

456
455
455

455
455
454

453
452
452
451

450
450
45
0
451
453
458
46
4
474
486
50
3
524
548
576

608
643
679

717
753
789

823
853
881

905
913
913
9
13
913
913
91
3
913
913
913

913
896
873

848
821
793
765

736
708

680
653
626

601
577
555
5
34
514
496
478
4
62
448
436

424
416
408
40
3
400
399
400

403
409
415

422
431
440

449
458
467

475
483
490
4
96
502
507
51
2
515
517
518

518
518
515

512
509
505

500
495
490

484
479
473
4
68
462
457
4
52
448
444
442
4
39
437
436
43
4
433
432
43
2
432
431
431

432
433
433

434
435
436

436
438
439

440
441
443
4
43
444
445
44
5
445
445
445

444
444
444

445
446
446

447
448
449

450
452
453
453

454
455
4
55
455
456
457
4
58
458
457
45
7
456
455
453

453
454
455

456
460
466

473
484
500

519
545
573

605
642
681
7
20
759
798
83
6
871
903
913

913
913
913

913
913
913

913
913
913

913
913
913
913

887
857
827

795
764
733
7
02
673
645
61
8
592
567
544

522
501
482

465
450
437

426
416
408

402
399
397
3
96
398
401
4
04
409
415
42
2
429
436
444

452
459
466

473
479
484

487
490
492

494
494
494
493

493
491
489

487
484
481
4
78
475
472
46
9
466
462
459

456
454
452

450
449
447

446
446
447

447
448
449
4
48
449
449
4
49
449
449
45
0
449
449
449

449
450
450

449
450
450

450
450
451
451

451
452
452

453
454
456
4
57
458
459
4
60
461
461
46
2
462
461
461

460
460
459

459
458
458

457
456
457

457
459
461
4
66
473
483
4
98
516
538
56
5
595
628
664

701
739
777
814

849
881

908
913
913
913

913
913
913

913
913
913
9
13
913
913
8
90
863
834
80
5
774
743
713

683
653
624

597
570
546

522
500
479

460
443
429
4
16
407
399
39
4
391
389
38
9
391
394
399

404
411
418
426

435
444

453
461
469
478

485
492
497

501
505
508
5
09
510
509
5
07
505
501
49
7
493
489
484

480
474
469

464
459
455

451
448
445

442
440
439
4
39
437
437
43
8
439
441
44
3
446
448
451

454
456
459
462

464
467
469

471
473
475

476
477
478

479
480
480
4
80
480
480
4
80
481
481
48
0
480
478
477

476
473
471

468
466
463

461
459
457

455
453
451
4
50
449
449
45
1
456
463
47
3
488
506
529

556
586
620
655

693
730
766

802
835
864

891
911
913

913
913
913
9
13
913
913
91
3
913
896
87
3
849
822
794

765
735
705

676
646
618

590
564
538

514
492
471
453

437
423
412
4
03
397
392
3
91
391
394
39
8
404
411
420

429
438
448

457
467
477

486
494
502

509
514
518
5
21
523
523
52
2
522
519
51
6
512
507
502

497
491
486

480
474
469

464
460
456
453

452
450
4
47
446
444
44
2
441
440
441

440
441
441

442
442
444

445
446
447
448

450
451
453

454
455
456

458
459
460
4
62
462
463
46
4
464
465
46
4
464
464
463

463
462
462

461
459
457

456
454
453

451
450
448
4
48
448
448
45
1
456
463
474
48
9
508
530
55
8
588
623
660

698
738
776

814
850
882

910
913
913

913
913
913
9
13
913
913
91
3
913
913
913

912
880
852

822
791
761

730
699
670

641
613
587
561

535
513
4
91
471
453
43
7
424
413
404
39
7
392
390
39
0
390
393
397

402
408
416

425
434
445

454
464
472

480
489
496
5
02
506
510
51
2
514
514
513

512
510
507

504
500
495

490
485
480

475
470
466
4
62
458
455
4
52
449
448
447
4
47
446
446
44
5
445
446
44
7
448
449
450

451
452
453

454
454
455

456
457
457

457
457
458
4
58
459
460
45
9
460
460
460

460
459
459

459
459
459

459
460
460

460
461
461
4
61
462
461
462

462
462
461
4
60
459
458
45
8
457
457
457

456
456
456

455
456
456

458
462
467

476
489
506
5
28
555
585
6
19
657
697
73
8
779
820
859

894
913
913

913
913
913

913
913
913

913
913
913
9
13
913
913
913

913
898
867
8
35
802
770
73
7
705
673
642

613
584
558

533
510
489

469
452
437

425
415
407
4
02
398
398
3
98
400
405
41
1
418
425
434

443
452
461

469
478
486

493
500
505

509
513
515
516

516
515
513

510
507
503
5
00
496
491
48
7
482
478
473

469
466
462

459
457
454

452
450
449

448
448
448
4
48
448
449
4
49
450
451
45
1
452
453
454

454
455
455

456
456
456

456
455
456
455

455
456
455

456
457
458
4
58
459
459
4
59
459
459
46
0
461
462
463

464
465
465

466
467
468

470
471
472

473
473
473
4
73
473
473
47
2
471
469
46
8
467
465
464

462
461
460

459
458
458
457

457
460

464
469
478
491

507
528
554
5
83
615
652
6
90
730
770
81
0
848
884
912

913
913
913

913
913
913

913
913
913

913
913
913
9
13
913
913
89
0
860
828
79
5
762
729
696

664
634
604
576

549
524
501

480
462

445
431
420
411

404
400
397
3
97
399
402
4
08
415
423
43
2
440
450
459

468
477
485

493
499
505

510
513
517

519
520
519
5
18
516
514
51
0
506
501
49
5
489
482
476

470
464
458

452
447
443
439

437
435
433

433
433
434

436
439
442
4
43
445
446
44
7
448
450
45
1
453
455
456

458
460
462

463
464
465

466
466
467

467
467
466
4
65
465
466
46
5
465
466
46
6
467
467
468
46
9
469
469

470
472
471
471

472
472
472

472
472
471

471
471
470
4
69
469
467
46
6
464
463
46
2
462
462
464

467
473
481

494
510
531

555
584
616

652
689
727
7
65
803
840
87
3
905
913
913

913
913
913

913
913
913
913

913
913
913

913
913
893

863
832
799

764
730
696
6
62
628
596
56
5
536
510
48
5
463
443
426

412
400
391

386
383
382

385
389
395

404
413
423
4
34
445
457
46
9
480
491
500

509
517
524

530
535
538
540

540
540
538

534
531
525

519
512
506

500
492
485
4
79
474
469
46
5
461
458
455

453
453
453

452
452
452

453
454
455

456
458
459

461
462
463
4
64
466
467
46
8
468
469
470
47
0
470
470
47
1
472
472
473

473
474
474

475
475
475

476
478
478

478
479
479
4
79
479
478
47
7
476
474
473

472
472
470

470
469
468

467
467
466

465
465
467
4
70
475
483
4
94
509
530
55
3
581
613
648

685
725
766
80
6
845
883
912

913
913
913

913
913
913

913
913
913

913
913
913
9
13
913
913
91
3
913
901
867

832
797
761

725
690
655

622
589
558

530
503
479
4
58
439
424
4
11
401
394
38
9
387
387
389

394
400
407
416

426
437
448

458
468
478

487
496
503

509
515
519

522
523
524
5
23
522
520
51
7
513
509
505

500
496
491

486
481
477

472
468
465

462
459
457
4
56
454
455
4
54
455
455
45
6
457
458
459
45
9
460
461
463

464
464
465

465
466
466

467
467
466

466
467
467
4
67
468
468
4
69
469
469
47
0
471
471
471

471
471
471

470
470
469

468
467
466

466
465
463
4
62
461
459
45
8
457
457
45
7
458
462
468
47
7
490
506
527

553
583
616

653
692
733

774
814
853

890
913
913
9
13
913
913
9
13
913
913
91
3
913
913
913

913
913
913

913
913
895

862
827
792

757
721
686
6
52
618
585
55
4
526
499
475
4
53
435
418
40
4
393
386
381

378
377
379

382
388
396

404
414
425

435
447
458
4
68
478
486
4
94
501
506
51
1
514
517
519

520
520
518

515
512
507

502
497
492

486
481
476
4
71
467
463
46
0
457
455
454
4
52
452
452
45
1
451
451
452

453
455
456

458
459
460

461
462
462

463
463
464
4
63
464
463
46
4
463
463
46
3
463
463
463

463
463
463

462
463
462

462
462
461

460
459
458
4
57
455
454
453
4
53
452
452
4
52
454
456
46
1
469
480
494

513
536
562

592
627
663

702
741
781

820
858
893
9
13
913
913
91
3
913
913
91
3
913
913
913

913
913
913

913
913
897

866
832
798

763
728
693
658

624
592
560
5
30
502
476
4
53
433
416
40
1
389
380
373

369
367
368

371
377
383

392
401
413

424
436
448
4
60
472
482
49
3
502
510
51
7
522
526
528

528
527
524

521
517
512

507
501
496

491
485
480
474

469
464
459
4
55
452
449
44
7
446
445
44
4
444
444
444

445
445
446

447
448
450

451
453
454

456
457
458
4
59
460
460
46
0
460
459
459

459
459
458

457
458
457
456

456
455
455

456
458
462

467
475
487

503
522
546
5
73
604
638
67
3
710
747
78
3
818
849
879

905
913
913

913
913
913

913
913
913

913
913
887
8
62
834
803
77
2
740
708
676

643
611
580

550
522
494

470
447
427

409
393
380
370

362
356
355

355
357
362
3
69
377
386
39
8
410
422
43
5
447
459
471

481
490
499

505
510
513

516
517
516

515
513
509
5
05
501
496
49
1
485
480
475

469
465
460

457
453
450

448
446
444

442
441
440
440

439
439
439

439
440
441
4
43
444
446
44
7
448
449
451

452
453
454

455
456
457

457
457
457

456
455
454
4
53
453
452
4
50
450
449
44
9
448
449
451

454
461
470

483
499
521
546

577
610
646

684
724
764

803
841
876

906
913
913
9
13
913
913
91
3
913
913
913

913
913
913

913
889
859

826
793
758

722
688
652
6
17
583
550
5
20
491
465
44
1
420
401
385
37
2
362
355

351
349
350

353
357
364

373
384
395
407

419
431
443

454
465
475
4
83
492
498
50
4
508
512
513

513
512
510

507
504
499

495
490
485

479
473
467
4
62
457
453
4
49
446
444
44
2
441
440
439
43
8
438
439
441

442
443

445
446
447
449

451
452
454

456
458
460
4
61
462
463
4
64
465
465
46
5
464
464
463

461
460
460

458
457
455

454
453
452

450
449
448
4
48
449
452
4
57
466
477
49
3
512
536
565

596
631
668
706

746
784
821

857
890
913

913
913
913

913
913
913
9
13
913
913
9
13
913
913
88
3
853
820
786

752
716
681

645
610
576

543
511
481

454
430
409
3
91
376
363
35
5
349
347
34
7
351
356
364
37
4
385
398

410
424
437
451

464
476
488

498
506
513

518
522
524
5
25
525
524
5
22
519
514
50
9
503
497
491

485
479
473

466
460
455

451
446
443

440
439
438
437

437
438
439
4
39
440
44
1
442
444
446

447
449
450
451

452
454
455

455
456
456

457
456
456

455
455
454
4
53
452
451
45
1
450
449
44
8
448
446
447

448
451
455

462
474
488

507
530
558

589
625
662
7
01
740
781
81
9
856
889
913
9
13
913
913
91
3
913
913
913

913
913
913

913
913
897

868
836
802

768
734
699
6
65
632
599
56
7
537
508
48
2
458
435
416

398
383
372

363
357
354

353
355
359

365
372
381
392

402
414
42
5
437
447
458
4
69
477
484
49
2
498
502
506

508
509
510

509
507
505

502
497
493

489
483
477
4
71
467
462
45
6
452
448
44
5
443
440
438

437
437
437

437
437
437

439
439
440

441
443
444
446

448
449
451
4
52
453
454
45
4
455
455
45
5
455
453
452

451
450
449

448
446
445

444
443
442

440
440
439
4
39
440
442
44
5
451
458
46
8
484
504
528

558
591
628

668
709
752
793

834
872

907
913
913
913

913
913
913
9
13
913
913
91
3
913
913
91
3
913
887
856
82
2
787
753

718
683
649

615
583
553

524
497
471
4
48
428
411
39
4
382
371
364

358
356
356
35
9
363
369

378
388
398

408
419
430
441

451
461
471

480
487
493
4
99
503
505
50
6
506
505
50
3
500
496
492

487
483
478

473
469
464

459
455
452

450
447
445
4
43
441
440
43
9
438
438
437

437
437
438

439
440
441

442
442
443

444
444
444
445

445
447
4
47
446
446
446
4
46
446
446
44
6
446
447
44
7
447
447
447

446
447
446

445
444
442

441
439
438

437
436
435
4
34
433
433
43
5
439
445
455

469
486
509

537
569
606

645
687
730

773
816
857
896

913
913
913

913
913
913
9
13
913
913
91
3
913
913
913

913
913
913

882
849
814

777
741
706

670
635
600
5
66
534
504
4
76
450
427
40
6
389
374
362

353
346
343

343
344
349
355

363
373

383
394
405
417

430
442
454

465
475
484
4
92
499
503
50
6
509
510
510

507
504
501

497
491
486

480
474
468

463
457
451
4
46
441
435
4
31
428
425
42
3
422
421
419

418
417
416

416
416
417
418

420
421
423

425
427
429

431
431
433

434
435
437
4
39
439
440
44
1
442
443
444

445
446
448

449
449
450

451
451
453

453
453
452
4
52
450
449
4
48
446
444
44
4
444
443
445

449
455
464

477
494
516

543
573
607
644
682
722
762
801

840
874
907
913

913
913
913
913
913
913
913

913
913
913
913
899
8
69
838

805
770
736
702

665
631
597
565
533

504
476
450

428
407
390
376

365
357
352

351
351
355

362
371
382

393
405
418
4
31
444
457
470
4
82
493
50
2
510
515
521

525
527
527
526

523
520

516
512
507

501
496
490
4
84
480
474
46
9
465
461
459

456
453
451
44
9
448
447
447

447
447
447

448
449
449

450
450
450

451
451
452
4
53
454
454
45
5
455
456
456

457
457
458

459
460
460

461
461
461

460
461
460
459

458
457
4
55
454
453
45
1
449
449
448

447
447
447
44
9
453
461
471

486
505
530

558
591
628

668
710
753

796
839
880
9
12
913
913
91
3
913
913
913

913
913
913

913
913
913

913
913
913

913
898
863
8
27
790
753
7
16
680
643
607
5
74
542
511
48
2
456
433
41
2
394
379
367

359
353
350

350
353
357

364
371
381

391
404
416
4
26
438
449
46
0
470
479
487

494
500
506

510
513
515
516

515
513

510
507
503
4
99
495
490
4
85
479
474
46
9
465
461
457
45
4
451
448
446

443
441
440

439
438
438

437
437
436

437
437
437
4
38
439
439
4
40
442
443
44
5
446
447
448

449
450
451

452
453
453
454

455
455

456
456
457
457

458
458
457

456
455
454
4
53
452
451
45
0
449
448
447

446
446
446

447
451
457

467
480
498

521
549
582
6
18
658
701
7
45
789
834
87
7
912
913
913

913
913
913

913
913
913

913
913
913

913
913
913
913

913
913
913

872
835
799
7
61
723
687
65
0
615
582
550

521
493
469

447
428
412

400
391
385

381
381
383
3
88
394
402
4
11
422
434
44
6
459
471
484

495
506
516

524
530
535
539

541
542

541
540
537
533

528
523
51
6
510
504
497
4
91
485
479
47
5
470
466
463

460
457
455

454
453
453

454
455
457

458
459
461
4
63
465
467
4
68
469
470
47
0
469
469
468

466
464
462

460
458
456

454
453
452
451

450
449
449

450
450
451
4
51
452
453
4
54
455
456
45
7
458
459
459

459
459
460

460
461
462

462
462
462

462
463
463
4
63
463
463
46
4
464
465
46
4
465
466
467

468
470
473

476
481
490

501
515
534

557
585
617
6
54
692
733
775
8
17
858
896
9
13
913
913
91
3
913
913
913

913
913
913

913
913
913

913
913
900

865
829
792
7
57
721
686
65
4
623
594
56
7
542
519
498

479
462
447

434
423
414

406
400
396

393
392
392
3
94
397
401
405
4
10
415
420
42
6
430
435
43
9
442
446
448

450
451
452

451
451
450

449
447
446

444
442
440
4
38
436
433
43
1
429
427
42
5
424
423
422

422
422
423

424
425
427

428
429
431

432
434
436
437

439
440
442
4
44
447
449
45
0
451
452
45
3
453
453
453

453
453
452

452
451
451

450
449
449

449
449
448
4
47
446
446
44
5
445
445
445

445
446
446

446
446
446

445
445
444

444
443
442
441

441
441
441

440
440
441
4
44
448
455
46
5
480
498
52
2
550
583
620

661
705
750

796
840
884

913
913
913

913
913
913
9
13
913
913
91
3
913
913
913

913
913
913

913
913
913

913
898
858

816
773
730
686

643
600
559

519
482
449
4
18
391
368
34
7
331
319
31
0
306
305
307

312
319
327

337
349
361

374
386
400

413
425
436
4
47
458
467
47
5
482
488
493

497
500
502

503
502
502
500

499
496
493

490
486
484

481
477
474

471
467
464
4
60
456
454
45
1
448
447
445

442
440
439

438
436
436

435
434
434

434
434
434
4
34
434
434
433

433
433
43
2
431
431
431

430
430
430

429
429
430

430
431
432
434

439
446
456

470
488
510

537
567
601
6
38
677
717
75
8
799
838
875

908
913
913

913
913
913

913
913
913

913
913
913
9
13
913
896
8
64
831
797
762
7
27
691
656
62
2
588
557
526

498
470
445

423
403
385

371
359
349

342
339
338

339
343
348
3
56
366
376
38
7
399
411
424

437
449
461

472
482
490

497
503
508

511
513
514
5
14
513
511
5
07
504
499
49
5
490
485
479

474
469
465
461

457
454
452

450
448
448

447
448
448

447
448
449
4
50
451
452
4
53
455
456
45
8
460
461
461

461
461
462

462
461
460

458
456
454

451
449
447
4
45
443
442
44
0
439
439
440
4
42
448
456
46
8
484
505
530

560
594
632

673
716
760

803
846
886

913
913
913
9
13
913
913
9
13
913
913
91
3
913
913
913

913
913
913

911
871
837

802
766
730

694
658
623
5
89
555
523
493
4
66
440
417
3
96
377
363
35
0
340
333
329

329
331
335

341
349
359

369
381
394

406
419
431
4
44
455
466
4
76
484
491
49
6
500
503
505

507
506
505

502
499
496

493
488
484

479
475
470
466

461
457
453
4
50
446
444
4
41
439
437
43
6
436
435
436

436
436
436

437
437
439

439
441
441

441
442
443
4
44
445
446
44
6
447
448
44
9
450
451
451

450
450
449

449
448
448

447
446
446

446
445
445
445

447
450
456
4
65
478
495
5
18
545
577
61
4
655
699
745

790
837
882

913
913
913

913
913
913

913
913
913
9
13
913
913
91
3
913
913
91
3
913
913
913

913
872
833

794
754
714

674
636
598

562
528
495
4
65
438
414
394
3
75
361
350
3
41
335
333
33
2
334
339
345

353
362
373

383
395
406

418
429
440

451
461
470
4
78
485
490
49
4
497
498
49
9
498
497
494

491
487
483

479
475
470

466
461
457
452

448
445
443

440
437
435
4
33
432
431
43
0
429
428
42
8
428
428
429

429
430
430

431
432
433

433
434
434

434
435
434
4
36
436
437
43
8
437
437
43
7
439
439
440

442
442
443

444
445
445

445
445
444
443

441
439
437

435
433
431
4
29
426
424
42
3
422
421
42
2
425
431
441

454
472
496

524
559
597

640
685
732

779
827
873
9
12
913
913
91
3
913
913
913

913
913
913

913
913
913

913
913
913
913

913
890
850

810
768
727

686
645
605
5
68
531
497
46
6
437
412
38
9
370
353
339

330
323
320

319
322
327

335
345
356

369
384
398
4
12
427
442
45
5
469
482
493

503
512
518

524
528
532

534
534
533

532
530
527
524

519
516
511

507
502
498
4
94
490
486
48
3
480
477
475

472
469
467

464
463
461

460
459
457

456
455
454

454
452
451
4
50
449
448
44
8
447
446
445

444
444
444

443
442
441

440
439
437
436

435
433
432

432
431
430

430
430
432
4
36
442
452
46
5
481
502
527

556
591
629

670
713
757

801
844
884

913
913
913
9
13
913
913
9
13
913
913
91
3
913
913
913

913
913
894

858
822
784
746

708
670
632

594
559
525

493
463
436

412
391
374
3
60
349
343
33
9
338
341
347

356
367
381

396
412
429

447
464
481

497
513
527
5
41
553
562
5
69
574
577
57
9
579
576
573
56
7
561
555
548

540
532
524

516
507
499

492
485
478

472
467
462
4
58
454
451
4
49
447
444
44
2
441
440
440

441
442
444

446
448
450

452
455
457

459
460
462
4
64
465
467
4
69
470
471
47
2
473
474
475

475
476
478
479

481
483
488

495
505
519

536
559
585

617
652
691
7
32
774
815
8
56
893
913
91
3
913
913
913

913
913
913

913
913
913

913
913
887

852
815
776
7
37
698
660
62
3
588
556
52
6
499
474
452

432
414
399
387

377
369
364

361
361
363

366
372
380

389
399
411
4
24
437
449
4
61
473
484
49
4
504
511
517

521
524
525

525
524
520

515
510
504

497
489
481
4
72
464
455
44
7
438
431
42
4
416
409
403

398
393
389
386

384
383
382

383
384
386

387
390
393

396
400
404
4
08
413
417
4
20
424
428
43
1
434
437
440

443
444
445

446
446
446

445
445
444

443
442
440
438

435
433
43
2
430
430
429
4
29
431
435
44
1
451
464
483

506
534
569

607
649
694

742
788
835

879
913
913
9
13
913
913
91
3
913
913
91
3
913
913
913

913
913
913

897
859
819

777
736
695

654
615
576
5
40
505
473
44
4
417
394
373

355
341
329
32
1
316
314
315

319
325
334

345
358
372

386
400
416

430
444
458
4
70
481
490
49
8
504
509
51
3
515
515
514

511
508
503

497
490
483

475
467
459

452
444
437
431

425
419
414
4
09
404
401
39
8
395
394
39
3
392
392
393

393
393
395

396
398
400

402
403
406

407
409
410
4
13
415
417
41
9
421
423
42
4
426
428
429

431
432
432

433
433
433

431
430
430

429
428
428
4
27
426
426
42
6
427
429
432
43
8
447
458
47
4
495
520
550

584
623
664

706
751
796

840
881
913

913
913
913
9
13
913
913
91
3
913
913
913

913
913
913

913
884
844

803
761
718

676
633
592
552

513
477
443

412
385
362
3
42
324
311
30
1
295
292
29
3
297
304
313

325
338
353

369
385
402

418
434
448

461
473
484
4
94
502
508
51
3
516
518
518

517
514
512

507
503
498

493
488
482

477
472
466
461

456
452
448

445
442
440
4
37
435
433
43
1
430
427
42
6
424
423
423

422
422
421

421
421
422

423
424
425

426
429
430
4
31
433
434
43
5
437
438
439

440
441
442

442
443
443

442
442
441
440

440
438
4
37
437
438
439

441
445
452
4
62
475
493
51
4
541
571
606

645
685
728

771
813
854

892
913
913

913
913
913
9
13
913
913
9
13
913
913
91
3
913
913
889

851
812
770

729
686
643

601
559
519
482

447
415
386

361
340
323

310
301
296
2
94
296
301
30
9
320
332
347

362
378
395

412
428
445

459
473
485

496
505
513
5
18
522
525
5
26
525
523
52
0
514
509
503

497
490
483

476
470
463

458
453
448
443

440
436
434

432
431
430

430
430
431
4
32
432
433
43
5
437
438
439

440
442
442

443
444
445

445
446
446

446
446
446
4
45
444
443
4
42
441
440
43
8
437
436
434

433
432
431

430
430
432
434

440
448
460

476
497
522

552
586
624
6
64
706
750
7
94
837
877
91
2
913
913
913

913
913
913

913
913
913

913
913
913

913
913
888
8
50
810
768
7
26
683
640
59
8
557
517
481

447
416
389
365

346
329
317

308
304
303

306
312
321

332
345
360
3
76
393
411
4
28
444
459
47
3
487
499
510

518
525
531

534
536
536

534
531
527

522
516
509
5
02
494
487
48
0
473
466
46
0
453
449
445

441
438
436
435

433
432
433

433
434
435

437
438
440

440
442
444
4
46
447
449
4
50
451
452
45
3
452
450
448

447
444
441

439
436
434

432
430
430

430
433
437
4
45
454
468
48
8
511
539
57
3
610
650
693
73
6
780
823
865

904
913
913

913
913
913

913
913
913

913
913
913
9
13
913
913
89
7
858
818
77
6
733
690
648

605
565
526

489
455
424

396
371
350

332
317
306
3
00
296
297
30
1
307
317
32
8
342
357
373

390
408
424

441
458
474
488

500
511
520

526
530
533

534
533
531
5
28
523
517
51
1
504
497
49
0
483
475
468

461
455
449

445
440
436

432
429
427

426
426
426
4
26
427
429
43
1
432
434
436
4
38
440
441

442
442
443

443
443
443
442

441
441
440

439
438
439

440
441
445
4
51
459
473
48
9
511
537
56
8
603
641
682

726
769
814

856
895
913

913
913
913

913
913
913
9
13
913
913
913
9
13
913
913
91
2
868
830
78
9
746
704
661

619
577
537

500
465
432

403
377
354

336
321
310
3
02
299
300
30
3
309
319
32
9
343
358
374

391
408
425

442
457
472

486
498
508

517
523
528
5
31
533
532
529
5
26
521
515
50
9
501
494
48
6
479
472
464

458
453
448

443
439
435

432
430
427

426
425
424
4
24
425
424
42
5
426
427
427

428
429
430
43
0
431
431

432
432
433

433
433
433
4
34
435
438
443

451
462
476
4
95
518
546
57
9
615
655
69
7
740
783
825

866
903
913

913
913
913

913
913
913

913
913
913
9
13
913
913
91
3
878
841
803

763
723
683

643
604
566

530
496
464

436
410
389
370

354
344
336

332
331
333
3
38
347
357
36
9
384
399
415

432
449
465

481
496
510

522
533
542

549
554
557

557
557
554
5
50
544
538
53
1
523
514
506

497
488
480
47
3
466
459

453
448
444

440
437
435
433

433
433
4
33
434
435
436
4
38
441
443
44
5
446
448
448

449
450
449

449
449
448

449
448
448

448
448
449
4
51
453
458
4
65
476
489
50
7
531
559
591

627
667
710

754
798
841

882
913
913

913
913
913
9
13
913
913
913

913
913
913
9
13
913
905
86
6
828
789
748

709
670
630

593
557
522

490
461
433

409
388
371
3
55
343
335
3
30
328
329
33
3
339
348
359

371
385
399

414
429
442

455
468
481
492

501
508
513

517
519
520
5
19
517
513
5
09
503
497
49
0
483
477
469

462
455
449

444
440
436

432
429
427

425
425
424
4
24
425
426
4
28
430
432
43
3
435
438
440

442
445
447

449
451
453

454
455
456
457

456
457
456

455
455
454
4
53
452
452
4
51
450
450
45
1
454
459
467

480
496
518

545
576
613

653
696
741

786
832
875
9
12
913
913
91
3
913
913
91
3
913
913
913

913
913
913

913
913
898

861
823
784

744
704
665
626

588
552
518
4
86
456
429
4
05
385
368
35
4
343
335
331

328
330
334

340
348
358

369
381
394

407
420
433
4
46
458
469
47
9
487
494
49
9
503
505
507

507
506
503
500

496
491

485
480
475
469

464
459
454

450
446
442
4
39
436
433
4
32
430
430
42
8
428
427
427

427
427
427

428
428
429

430
430
430

431
431
432
4
33
434
436
43
7
438
439
44
0
440
440
440

440
440
439

439
438
437
436

436
435
435

435
435
437

440
446
455
4
68
486
509
53
6
567
604
64
4
687
731
776

819
861
900

913
913
913

913
913
913

913
913
913
9
13
913
913
91
3
880
845
807
7
68
730
692

655
619
584

551
519
488
461

435
411
391

372
357
345

335
328
324
3
23
323
327
33
2
341
350
36
1
373
386
399

412
424
437

449
459
468

477
484
490

495
497
499
4
99
499
497
49
4
491
488
483

477
470
465
45
9
453
447
442

438
434
430

426
424
422

419
417
416

417
417
418
4
19
420
422
42
4
426
428
43
0
432
433
435

437
438
439

440
440
441

442
442
442

443
443
444
4
44
444
445
445
4
45
446
446

446
446
445
44
4
443
442
441

440
439
438

438
438
439

442
448
457

469
486
508
5
34
566
603
64
4
688
735
782

829
874
912

913
913
913

913
913
913

913
913
913
9
13
913
913
913

913
913
91
3
877
839
798
75
8
718
678
63
8
599
562
527

493
462
434

409
387
369

353
341
332

327
324
324
3
27
332
340
34
9
360
372
385

399
414
427

441
455
467

479
489
498

505
511
515
5
17
519
519
5
18
515
512
507
5
02
496
490
48
4
479
474
46
8
461
457
452

448
444
440

438
436
434

433
432
432

431
432
432
4
34
434
435
43
7
439
441
443

445
447
449

450
452
453

454
455
455

456
457
458
4
58
458
459
460

459
459
458
4
57
456
456
45
5
454
453
452

452
452
452

452
453
454

458
464
474

488
506
529
5
58
592
631
6
74
719
766
81
3
860
904
913

913
913
913

913
913
913

913
913
913

913
913
913
9
13
913
913
913

913
869
82
9
788
747
706
66
5
625
586
549

514
482
453

427
405
386

370
359
350

345
343
345
3
49
356
365
3
76
389
403
41
7
432
446
459

472
485
495

505
513
520

525
529
531

531
529
527
522

517
512
505

498
492
484
4
78
471
464
45
8
453
448
443

439
435
432

429
428
426

425
425
425

425
425
426
4
26
426
427
4
28
429
430
43
2
434
436
437

439
442
444

447
449
452

454
456
457

459
461
462
4
63
463
464
46
5
466
466
466
4
67
467
468
46
9
472
476
484

495
510
530

556
587
622

662
704
748

793
838
880
9
13
913
913
9
13
913
913
91
3
913
913
913

913
913
913

913
913
899

865
831
796

761
727
692
658

625
593
563
5
34
506
479
4
55
433
414
39
7
382
369
360

353
349
348

350
353
359

367
376
387

398
410
422
4
34
445
456
46
7
476
484
49
1
496
500
502

503
504
503
500

498
494
491

487
483
479

474
469
464

459
454
449
4
45
442
439
4
36
433
430
43
0
429
429
429

428
428
427

427
428
429

430
431
431

432
433
433
4
34
435
435
43
5
434
434
43
4
434
434
435

435
435
436
436

437
437
438

439
439
440

441
442
443

443
444
444
4
43
443
442
44
1
439
438
43
6
433
431
428

424
422
419

416
414
413

413
417
422

432
446
464
4
86
514
546
58
2
621
661
70
2
742
781
817

851
879
902

913
913
913
913

913
913
904

884
861
836

809
779
749
7
19
691
663
63
6
611
587
56
5
544
524
505

488
472
458

445
436
427

421
416
414

414
415
419
4
25
432
441
45
2
463
475
488

501
514
525

537
548
558
566

572
577
580

581
581
579

575
571
566

558
550
542
5
33
524
515
50
6
498
490
48
3
475
468
462

457
452
448

444
440
438

435
434
433

432
432
432
4
34
435
437
43
9
440
442
444

445
447
448
44
9
451
453
454

456
457
458

460
461
461

461
460
459

458
456
455
4
52
451
448
44
5
443
441
44
0
441
444
451

460
474
493

516
545
578

614
654
695

737
779
819
8
56
890
913
91
3
913
913
913
91
3
913
913
91
3
913
913
887

857
826
792

757
722
686

651
617
583

552
521
492
4
64
440
417
39
5
377
361
347

338
330
324

322
323
327

333
341
351

361
374
386
3
99
411
423
4
34
445
455
46
4
471
478
482

486
488
488
48
8
486
484
481

477
473
468

462
457
452

446
442
438

435
432
430
4
29
428
428
42
8
429
430
431

433
436
439

441
444
447

449
451
453

455
456
457
4
58
458
458
4
57
456
455
453
4
51
450
447

444
441
437
433

431
429
426

424
423
423

423
425
429

435
444
457

474
495
522
5
54
590
629
67
2
715
759
801

841
878
911
91
3
913
913

913
913
913

913
913
913
9
13
913
900
8
70
838
805
77
1
737
702
668
63
5
603
573
543

514
487
462

438
417
398

382
367
356

347
342
339
3
39
341
345
3
51
360
369
38
0
392
405
417

431
444
456

468
478
487

496
502
507

511
513
513
5
12
510
506
5
02
497
492
48
5
479
472
466

459
454
448

443
438
435
432

429
426
425

423
422
422

422
422
422
4
24
425
426
4
27
428
429
43
1
431
432
433

435
436
437

438
439
439

440
441
441

442
443
443
4
44
444
444
445
4
45
445
445
4
45
445
445
44
4
444
443
442

442
441
440

439
438
437

438
439
441

447
455
467
4
84
505
533
5
66
603
645
69
0
737
784
832

877
913
913

913
913
913

913
913
913

913
913
913
9
13
913
913
913
9
13
887
85
0
810
771
732

693
655
618
583

549
518
488

460
434
411

391
372
357

345
335
327
3
22
320
321
32
4
331
339
34
8
360
371
384

397
410
424

436
448
459

468
477
484

490
495
498
500

501
502
502
4
99
496
492
4
88
484
479
47
5
471
467
463

460
457
454

452
450
448

447
446
445

444
444
444
4
43
442
441
44
0
440
439
43
8
438
439
439

438
438
438

439
440
441

444
446
449

453
457
462
4
68
473
479
485
4
91
496
502
5
07
512
516
51
9
522
523
525

524
522
520

517
512
507

502
495
489

482
474
465
4
57
448
439
42
9
419
409
40
0
391
384
378

375
375
379

387
400
420

445
476
511

550
594
640
6
86
733
778
822
8
62
897
913
91
3
913
913
91
3
913
913
913

913
913
913

913
913
903

878
851
824

797
769
739
7
10
680
651
62
3
595
568
54
4
521
501
482

465
451
440

432
426
423
423

425
430

436
444
453
4
63
473
484
494
5
04
513
521
52
7
532
535
53
6
536
533
529

524
517
509

500
491
482

472
462
453

444
435
427
4
19
413
407
40
3
400
397
395

395
395
396

397
399
401

404
406
409

413
418
423
427

432
435
440

444
448
451
4
54
456
459
46
1
463
465
46
6
466
466
466

466
464
464

462
459
456

453
450
446

442
438
435
4
31
429
428
42
9
432
439
450

466
487
513

544
580
620

664
709
756
800

844
885
913

913
913
913

913
913
913
9
13
913
913
91
3
913
913
898

862
824
785

746
707
668

630
592
556

522
490
460

432
407
385
3
66
350
336
32
6
318
314
312

314
318
325

333
343
354

367
381
395
409

424
438
452

465
476
485

492
498
502
5
04
505
505
50
4
501
497
493

488
482
475

470
464
459

455
450
446

442
437
434
4
31
428
425
4
23
422
420
41
9
419
418
418

418
419
419
42
1
422
423
424

426
426
427

428
429
430

431
431
432

432
432
432
4
30
429
428
42
8
427
426
426

425
423
422

420
419
417

416
415
414

414
415
417
4
20
424
432
4
43
459
479
50
4
535
572
613

658
706
754
804

852
898
913

913
913
913

913
913
913

913
913
913
9
13
913
913
9
13
913
913
89
8
858
817
776

735
692
652

613
575
539

505
472
443

417
393
373
3
55
341
330
3
22
318
317
31
9
324
332
342
35
4
367
381
397

412
428
444

458
471
483

493
502
508

514
517
519
5
20
519
518
5
15
511
506
50
0
493
486
479

471
463
455

447
441
434

428
423
418

414
411
410
4
07
406
406
40
6
407
408
40
9
411
413
415
41
8
420
422
424

427
431
433

436
439
441

443
445
447

449
450
452
4
54
455
456
4
57
458
458
45
9
459
459
459

459
459
459

459
459
458

459
459
460

462
466
472
4
82
496
515
53
9
567
601
639
6
80
724
769

815
860
902
913

913
913
913

913
913
913

913
913
913

913
913
913
9
13
913
913
8
80
844
807
77
0
735
701
668

635
603
573

544
518
493

469
448
429

412
397
385
3
75
367
363
36
0
360
362
366
3
72
379
387
39
7
408
420
431

442
454
464

473
481
488

493
498
501

502
502
501
4
99
496
492
48
7
482
478
47
2
467
461
455

450
445
440

436
432
428

425
422
420

418
418
417
417

418
418
420
4
21
421
422
4
23
424
424
42
5
426
427
427

427
427
427

428
428
429

430
430
431

431
431
431
4
31
431
431
43
1
431
429
42
8
427
426
426

425
425
425

426
428
432

439
449
462
480

501
529
561

596
636
679
7
22
765
807
84
8
885
913
91
3
913
913
913

913
913
913

913
913
913

913
913
898

871
841
812
7
83
753
723
69
3
665
636
60
8
581
555
530

507
486
466

448
433
419

408
399
393

389
387
387
3
88
391
396
402
4
09
416
424
43
2
440
447
45
4
461
467
472

477
480
483

484
486
486

486
484
482

479
476
473
4
70
465
461
45
6
452
447
443

438
434
430

427
424
423

422
422
423

424
427
429

431
434
437
440

444
447
451
4
54
457
460
46
2
464
466
46
6
466
466
467

467
467
466

465
465
463

461
460
457

456
454
453
4
51
449
447
44
5
444
442
440

439
438
437

437
438
439

441
446
453

464
479
498
523

553
587
626

668
713
759
8
04
848
889
91
3
913
913
91
3
913
913
914

913
913
913

913
913
913

886
849
810

770
730
689
6
50
613
577
54
4
513
484
458

433
412
392

375
360
347

337
330
325

323
324
327
3
33
341
350
361

374
387
401
4
16
431
444
45
8
471
482
492

501
509
514

518
520
520

519
516
512

507
501
493
4
85
477
468
4
61
453
446
43
9
433
427
422

418
416
414

412
412
411
412

413
414

415
416
417
4
17
418
419
420

420
420
419
4
19
420
420
42
0
421
422
422

422
424
424

425
426
426

426
426
426

426
426
425
4
25
426
426
4
27
427
427
42
7
427
426
425

424
424
423

422
422
421

419
418
416

414
412
410
408

406
405
405

407
410
416
4
26
440
459
48
3
513
549
590

636
685
736

787
838
887

913
913
913

913
913
913
9
13
913
913
9
13
913
913
91
3
913
913
913

913
913
888

846
803
760

717
674
633
593

554
518
484

451
423
396
3
74
355
340
3
28
320
316
31
5
317
322
330

340
353
367

382
399
416

433
450
468

484
499
513
5
26
537
546
5
53
559
562
56
3
564
563
561

558
553
548

542
537
531
526

521
516
510

505
500
496

491
488
485
4
81
479
476
4
74
472
470
46
7
465
462
459

456
453
451

449
447
445

443
442
441

440
440
440
4
41
442
443
44
6
447
449
45
1
453
454
455

456
457
457

456
454
452

449
446
443
440

436
432
428

425
423
421
4
23
428
436
4
49
467
491
52
1
558
598
643

692
741
791

841
887
913

913
913
913

913
913
913
9
13
913
913
91
3
913
913
91
3
913
888
850
81
1
772
733
694

656
619
584

551
521
492

467
443
422

403
388
375
3
66
360
358
35
8
361
368
37
6
386
397
411

426
441
457

472
487
501

513
525
534

543
549
553
5
56
555
554
55
2
548
542
53
5
529
520
512
50
4
495
488
480

473
466
461

456
451
448

445
443
441

440
439
439
4
40
441
442
44
3
444
446
44
7
449
450
452

453
454
455

456
456
456

455
453
451

448
444
440
4
37
434
431
42
8
425
423
421

420
419
418

418
418
418
418

419
419
420

421
422
423

424
426
427

429
432
435
4
39
445
453
46
5
480
501
52
8
560
599
643

691
744
798

852
906
913

913
913
914

913
913
913
9
13
913
914
913
9
14
914
914
91
4
913
914
91
3
913
913
913

913
889
843

797
750
703

658
613
570

529
490
454
4
20
391
365
34
4
326
312
30
2
296
293
293

297
304
313

325
338
352

368
384
399

414
429
444
4
56
467
477
48
5
492
495
498
49
9
499
497
49
5
491
487
482

476
469
462

456
449
442

436
430
425

419
415
411
4
08
405
402
40
0
399
398
397

396
395
394

393
392
392

391
391
391

390
390
390
3
91
391
392
3
94
395
396
397
3
99
401
402
40
4
406
408
40
9
412
413
414

415
416
418

418
420
421

421
422
422

421
421
420
4
20
421
420
42
0
420
420
419

419
419
420

421
425
430

438
449
465

486
512
543
5
80
621
666
713

762
811
860
9
04
913
913
91
3
913
913
913

913
913
913

913
913
913

913
913
913

913
912
865

824
783
741
7
00
659
620
58
1
544
509
476

445
417
392

370
351
335

322
312
305

302
301
303
3
08
315
325
3
36
349
363
37
8
394
411
426
44
1
455
469
482

493
502
509

514
519
520

520
519
515

510
504
497
4
88
479
470
4
61
452
443
434
4
26
418
411

405
400
396

392
389
387

386
386
387

389
392
395
398

402
406
411

416
421
42
6
430
435
439
44
2
445
448
449

451
453
453

454
454
454

454
454
453

452
451
450
4
48
446
444
4
41
438
435
43
2
428
425
421

417
414
410

408
405
404

402
401
402

405
411
420
4
33
451
476
50
6
542
582
627
6
75
726
778
83
2
882
913
913

913
913
913

913
913
913

913
913
913

913
913
913
9
13
913
913
9
13
913
866
82
0
773
727
680

633
588
546

505
468
433

403
375
352
332

317
305
297

293
292
295
3
00
309
320
3
33
348
363
37
8
394
411
427

442
457
470

483
494
504

511
516
520

523
523
523
5
20
516
511
50
4
498
491
48
3
475
466
459
45
1
444
437

431
425
420

416
413
411
410

411
412
414

415
418
421
4
24
426
430
4
33
436
440
44
3
446
448
450

452
454
455

456
456
457

457
457
457

457
456
454
4
53
451
448
44
6
443
440
43
8
435
432
430

427
425
423
421

421
420

420
421
424
430

438
449
466

487
513
545
5
81
623
670
7
20
771
824
87
6
913
913
913

913
913
913

913
913
913

913
913
913

913
913
913
9
13
913
913
91
3
913
913
91
3
913
914
913

890
841
792

742
694
646
600

557
517
481

450
424
402

385
372
363
3
59
358
362
36
7
375
386
39
8
412
426
441

455
470
484

497
508
518

526
532
537

541
542
542
5
40
538
534
52
9
524
518
51
1
505
499
493
48
7
483
478
474

471
468
466

466
464
464

464
463
463

463
462
462
4
60
459
457
45
4
450
446
44
1
436
431
426

421
416
410

405
399
395

391
387
385

383
381
380
3
79
380
381
38
4
389
395
403

416
432
453
47
8
509
548

593
645
701
761

823
886
914

914
914
914

914
914
914
9
14
914
914
91
4
914
914
91
4
914
914
914

914
914
914

914
914
914

914
914
914

913
914
914
9
14
898
844
79
2
739
688
639

594
552
515

482
454
431
413

399
389
384

383
384
388

395
403
414

425
437
450
4
62
474
486
49
6
505
512
517

521
524
525

524
521
517

513
508
502

495
489
482

475
469
463
457

452
449
44
5
442
439
437
43
6
435
434
43
3
433
433
433

433
433
433

432
432
431

431
430
430

429
429
428
4
28
427
427
42
6
425
424
422

422
420
419

417
415
413

410
408
405
402

401
399
399

401
405
4
13
425
442
46
5
494
530
571
61
9
672
729
78
9
850
910
914

914
914
914

914
914
914

914
914
914

914
914
914
9
14
914
914
91
4
914
914
914

914
914
914

914
914
914

914
914
914

914
914
864
8
10
757
706
6
57
611
569
529
4
95
464
437
41
6
399
385
376

370
368
369

372
376
383

391
399
408

418
427
436
4
45
453
461
4
67
473
477
48
0
483
485
485

485
484
482

481
478
475

472
468
466

463
460
457
4
54
451
447
4
44
441
438
43
4
431
428
425
42
2
419
416
413

410
407
405

402
400
397

394
392
390

387
386
383
3
81
381
380
3
79
377
376
37
4
373
372
371

370
370
370

371
372
376

383
392
406

424
447
476
5
12
554
603
657

716
779
845
9
09
914
914
91
4
914
914
914

914
914
914

914
914
914

914
914
914

914
914
914
9
14
914
914
9
14
914
914
91
4
914
914
914

914
914
893

833
773
715

659
606
557
512

471
436
4
06
382
362
349
3
39
334
333
3
36
341
349
35
9
371
385
399

412
426
439

451
461
470

478
485
490

494
497
499
5
01
501
500
4
98
496
494
49
0
486
482
478

474
468
462

457
450
445

438
433
427

420
413
406
3
99
393
386
379
3
73
368
363
3
59
355
352
34
9
348
346
345

345
347
348

350
353
357

360
365
369

373
378
383
3
87
390
394
39
7
400
403
40
5
407
409
412

416
422
431

443
459
481
508

542
583
630

684
742
803

867
914
914
9
14
914
914
9
14
914
914
91
4
914
914
914

914
914
914

914
914
914

914
914
914

914
914
914
9
14
914
914
91
4
914
914
89
4
833
772
713

657
604
555

511
472
438

411
388
371

359
351
348
3
49
353
359
368
3
79
391
404
41
7
429
440
45
1
460
468
475

479
483
485

485
484
480

477
472
466

459
452
445
4
38
432
425
41
9
412
407
40
1
396
392
389
38
6
383
381

379
378
378
377

376
376
377

377
378
378

379
379
380
3
81
382
383
38
4
385
386
38
7
388
389
390

390
390
390

389
388
387

386
384
383

382
380
379
3
78
377
377
37
7
378
381
386

395
407
425

449
478
514
557

606
662

723
788
857
914

914
914
914

914
914
914
9
14
914
914
91
4
914
914
91
4
914
914
914

914
914
914

914
914
914

914
914
914

914
914
914
9
14
914
914
91
4
914
845
781

721
664
612

566
526
493

466
447
434

427
426
429
435

446
458
472

487
501
515
5
29
541
551
55
8
564
567
56
8
566
561
555

546
535
523

510
496
481

467
452
437

425
412
399
387

377
368
36
0
354
349
345

342
339
338

337
338
339
341

343
347
350

354
358
362

367
371
375

378
382
386
3
89
392
394
39
7
399
400
401

401
402
402

402
402
402

403
404
404

406
409
414
4
22
436
454
4
78
508
546
591
6
43
700
761
82
6
892
914
91
4
914
914
914

914
914
914

914
914
914

914
914
914

914
914
914
9
14
914
914
91
4
914
914
914

914
914
914

886
824
761

700
639
581

527
477
432
3
92
358
329
3
05
287
275
268
2
66
269
275
28
4
297
312
329

348
366

384
403
421
438

452
465
475

483
489
492

493
493
490
4
86
481
474
46
7
459
451
442

434
426
418

411
406
400

395
393
391

390
390
391
393

396
398
4
02
405
409
412
4
16
419
421
42
4
425
426
426

425
423
421

419
416
413

409
406
402

398
394
389
3
85
381
377
3
73
370
368
36
8
370
376
385

400
421
449

483
525
574

629
688
752

816
880
914
9
14
914
914
9
14
914
914
91
4
914
914
914
91
4
914
914
914

914
914
914

914
914
914

914
914
879

822
764
706
6
48
592
539
4
90
444
404
36
8
337
311
290

275
265
259

259
263
271

282
296
312

329
348
366
3
83
400
416
43
0
443
452
460
4
66
469
470
46
8
465
460
453

446
437
428

418
408
397

387
377
367

357
348
340
3
33
325
319
3
13
307
304
30
1
298
297
296

296
298
299

301
304
306

309
313
317

322
327
332
3
36
341
345
34
9
353
356
358
3
60
362
362
36
3
363
362
361

359
358
355

352
350
348

346
345
344

346
350
358
3
70
387
412
44
2
480
524
57
5
633
694
758

824
889
914

914
914
914

914
914
914

914
914
914
9
14
914
914
91
4
914
914
914
9
14
914
914
91
4
914
914
914

876
819
761

702
645
591

539
492
450

413
381
353
3
30
313
300
29
3
290
292
29
7
305
317
331

346
362
378

394
410
425

438
449
459
466

472
475
4
77
476
474
470
4
64
458
451
4
44
436
427
41
9
410
402
395

387
381
375

370
365
361

358
357
356

357
358
360
3
63
366
370
37
4
378
382
38
7
392
397
401

405
408
411

412
413
413

413
411
409

407
404
401
399

395
392
388
3
84
381
380
38
1
386
394
40
8
428
453
485

522
566
615

667
723
780

837
893
914

914
914
914
9
14
914
914
91
4
914
914
91
4
914
914
914

914
914
914
914

914
914

886
832
775

719
660
604
549

497
449
404
3
65
331
301
27
6
256
241
23
2
227
226
230

238
249
264

282
302
323

345
367
390

412
433
452
4
70
486
499
51
1
520
527
530

532
532
530

526
520
513

506
497
488
479

470
461
452

443
434
427

419
413
407
4
02
397
391
38
6
382
378
37
4
371
369
367

364
361
359

357
356
355

354
353
353

354
355
356
3
60
366
375
38
9
407
432
463

500
544
594

650
711
773
838

901
914
914

914
914
914

914
914
914

914
914
914
9
14
914
914
91
4
914
914
914

914
914
914

914
914
914

914
913
844

782
720
660

601
546
494
4
46
403
365
33
3
306
285
268
25
7
251
249

251
258
267

280
294
310
327

345
363
381

398
413
427

440
449
457
4
64
468
469
46
9
467
463
458

452
446
438

430
422
414

406
399
393

387
382
377
3
74
371
369
3
68
368
369
37
0
372
374
375

377
379
381
38
3
383
384
384

384
384
383

381
379
377

376
376
376

380
386
396
4
12
434
463
50
0
545
596
655

718
786
855

914
914
914

914
914
914

914
914
914
9
14
914
914
9
14
914
914
914
9
14
914
914
91
4
914
914
914

914
914
914

914
914
914

875
813
752

690
631
574
5
21
471
426
3
87
353
325
30
1
283
270
262

259
261
266

274
284
297

311
326
342

357
373
387
4
01
414
425
4
36
443
449
454
4
57
458
458
45
6
453
449
444

439
434
428

421
415
408

402
398
393

390
387
383
3
81
379
379
3
78
378
380
38
1
382
384
385

386
387
388

388
388
388

387
387
386

385
384
384
383

384
387
392

400
414
43
3
458
492
532

579
633
692
755

820
885
914

914
914
914

914
914
914

914
914
914
9
14
914
914
9
14
914
914
91
4
914
914
914

914
914
914

914
914
914

872
816
758

701
644
589
537

489
443
40
2
366
334
30
8
286
269
257

250
247
248
253

260
270

282
296
311
327

344
360
376

391
405
418
4
30
440
447
4
53
458
461
46
1
461
460
456

452
447
441

434
427
420

412
405
397

390
384
378
3
72
368
364
361
3
58
356
35
4
354
353
353
35
3
354
354
355

357
358
359

360
361
361

362
363
364

363
364
364
3
64
364
364
36
4
364
363
36
2
362
361
360

360
360
363

368
376
388

406
431
464

503
549
603
6
64
728
796
86
3
914
914
91
4
914
914
914
91
4
914
914
914

914
914
914

914
914
914

914
914
914

914
914
914
9
14
914
914
91
4
898
842
78
6
730
674
619

566
516
470

428
390
358

329
305
285

269
258
251
249

250
254
261
2
72
283
296

311
325
340
35
5
368
382
394

405
414
423

430
435
439

441
442
441

440
437
434
4
31
426
420
41
5
409
403
39
8
392
387
383

379
375
373

370
367
365

363
361
360

359
358
358
358

359
359
35
9
360
362
362
36
4
365
367
36
8
369
370
371

372
373
374

375
376
376

376
377
376

376
375
373
3
71
369
368
36
7
366
364
365

368
373
383

397
417
443

476
515
563

615
674
736

799
862
913
914

914
914
914
9
14
914
914
91
4
914
914
91
4
914
914
914
914
9
14
914
914

914
914

914
914
861

810
758
706
655

605
557
51
1
467
428
391

359
332
307

287
271
259

251
247
247
250

256
265
276

289
303
319

335
352
368
3
83
397
410
42
2
433
441
44
8
453
457
458

459
458
455

452
447
443

437
430
424

417
410
404
3
98
393
388
38
3
379
375
371
36
9
367
365

364
363
363
362

363
364
365

366
368
370

372
374
376

378
380
382
3
85
386
388
39
0
392
393
395

396
397
397

398
398
398

397
396
394

393
391
389
3
87
385
383
3
82
381
381
381
3
85
391
402
41
7
438
466
50
0
540
586
637

692
749
807

863
913
914

914
914
914

914
914
914
9
14
914
914
91
4
914
914
914

914
914
914

914
914
913

860
813
764
715

667
620
5
73
529
486
4
47
411
378
35
0
325
304
287
27
4
265
260

258
260
265
273

283
296
310

327
344
360

378
395
411

427
441
453
4
63
472
479
48
5
488
490
489

487
484
479

474
468
461

454
447
440
432

426
420
4
14
409
404
3
99
396
393
39
0
389
387
386

385
386
385
386

387
388
389

391
392
392

393
394
395

397
398
397
3
97
398
398
3
98
398
398
39
8
399
400
400

400
400
399

399
399
397

396
395
394

393
392
391
3
90
391
395
4
01
410
424
44
3
468
499
536

579
629
682

737
794
851
904

914
914
914

914
914
914

914
914
914
9
14
914
914
9
14
914
914
91
4
914
914
914

913
861
814

767
720
673

625
580
535

494
455
419
3
87
358
334
31
3
296
283
27
4
270
269
272

278
287
298
312

327
344
361

378
395
411

427
441
454

466
475
482
4
88
492
494
4
95
494
491
48
7
482
476
470

463
455
448

441
434
428

422
416
412

407
403
400
3
97
396
395
39
4
394
395
39
5
396
397
398

399
399
400
401

403
403
404

404
405
406

407
407
408

409
410
410
4
10
410
410
41
0
410
411
41
1
412
412
412

413
414
415

415
415
415

415
413
412

411
409
407
4
06
405
403
40
2
401
400
401
4
03
407
416
42
9
449
474
506

545
590
641

697
756
816

877
914
914

914
914
914
9
14
914
914
91
4
914
914
91
4
914
914
914

914
914
914

914
914
914
914

914
914
861

810
760
708

657
608
56
1
517
476
438

405
375
351

330
314
302
294

290
291
295

302
312
324

338
353
368

385
400
416
4
30
443
455
46
7
475
482
48
7
490
493
493

492
489
486

482
477
471

466
459
452

446
439
432
4
27
422
417
414
4
10
408
406

405
403
403
40
3
403
404
404

404
406
407

409
410
410

411
412
412

413
413
414
4
14
414
414
41
4
415
416
41
6
416
417
416

417
416
416

417
417
418

418
419
420

420
420
420
4
20
420
419
42
0
420
419
418
41
7
415
414
41
2
410
409
407

407
407
409

412
420
431

448
470
500

535
577
626
6
79
736
795
85
4
911
914
914

914
914
914

914
914
914

914
914
914

914
914
914
9
14
914
914
914

914
914
914
9
14
914
890
83
9
786
734
68
2
631
583
536

494
454
418

387
359
337

319
304
294

289
287
290
2
95
303
313
32
5
339
354
370

385
401
416

430
444
455

466
475
482

488
492
494
4
94
493
491
487

483
477
471
4
65
459
452
44
5
438
432
426

421
416
412

409
406
403

401
400
398

398
397
398

398
399
400
4
01
402
403
40
4
406
407
407

409
410
411

412
413
414

415
416
417

417
418
419
4
20
421
422
422

423
424
425
4
25
426
427
42
8
428
429
429

430
430
431

430
431
430

428
428
426

424
423
420
4
18
415
413
4
11
409
409
41
0
414
422
433

450
473
501

538
579
627
679

735
793
851

908
914
914

914
914
914

914
913
914
9
14
914
914
91
4
914
914
914

914
914
914

914
914
914

914
914
874

822
769
717
6
65
614
565
5
19
477
439
40
5
376
350
330

314
304
297

295
296
302
310

321
336
352

369
388
407

426
444
460
4
76
489
502
5
12
521
527
53
1
533
533
532

528
524
518

511
504
496

489
482
476

471
467
464
4
62
460
460
4
60
461
462
46
3
466
468
471

473
476
477

478
479
479

478
476
474
472

469
466
462

458
455
451
4
47
443
439
4
35
431
427
42
4
421
419
417

416
415
414

413
413
413

413
413
413

413
412
412
4
11
409
408
40
6
404
402
40
1
399
401
403

409
419
434

455
481
513
552

597
648
702

759
818
876

913
914
914
9
14
914
914
9
14
914
914
91
4
914
914
914

914
914
913

914
914
914

914
914
914

903
856
808
7
62
715
668
62
3
578
538
49
9
463
431
403

379
359
343
331

324
321
322

326
334
344

356
370
386

402
419
436
4
52
467
482
4
95
504
513
51
9
524
527
528

527
524
520

513
507
498

489
479
469

459
449
440
4
31
422
414
40
6
400
394
38
9
384
381
379
37
8
377
377
378

380
381
384

387
391
395

399
404
409

413
418
423
4
27
431
436
44
0
442
445
44
7
448
449
450

450
450
450

448
447
445

442
439
436

432
428
424
4
21
417
414
41
1
407
403
40
0
396
393
390

387
385
383
382

381
382
384

388
395
407

423
443
470

503
542
587
6
38
692
750
80
8
866
913
91
4
914
914
914

914
914
914

914
914
914

914
914
914

914
914
914
9
14
914
914
91
4
914
884
837

788
740
691
64
3
597
552

509
470
434
402

374
350
330

314
302
294

290
289
293
2
99
309
320
33
4
350
366
38
4
401
419
436

451
465
478

488
497
504

510
514
516

516
514
511
5
06
500
493
48
6
477
469
461

453
445
437

430
423
418
413

409
406
403

400
399
398

398
398
400

401
402
404
4
05
406
407
40
9
410
411
413

414
415
416

416
417
418

418
419
418

419
419
420

421
422
422
4
23
423
424
425
4
25
426
426
42
7
428
428
42
9
430
431
431

431
431
431

430
429
427

426
424
423

421
419
417
4
16
415
415
41
5
417
422
431

443
461
485

515
551
594

643
696
753

812
872
914
9
14
914
914
914

914
914
91
4
914
914
914
91
4
914
914
91
4
914
914
914

914
914
914

914
914
914

914
914
913

898
847
795
7
44
695
646
59
9
556
518
483

453
428
408

392
381
373

370
371
375

382
391
402
414

428
443
458

472
486
500
5
13
524
534
54
3
550
554
557

558
557
554

550
544
537

529
521
512

501
491
481
4
71
462
453
4
43
435
426
41
7
409
400
393

386
380
374

369
365
361

359
356
354

352
350
349
347

346
346
3
47
346
346
34
6
347
348
349

351
354
356
359

362
366
370

373
377
380

383
386
390

393
396
399
4
02
405
408
4
10
411
413
41
4
414
414
415

414
414
415

414
414
413

412
412
411

411
413
417
424

434
447
467

492
523
560
6
03
651
701
75
4
809
863
912

914
914
914

914
914
914

914
914
914

914
914
914
9
14
914
914
9
14
914
914
91
4
914
913
860

813
765
716

668
622
577

534
495
459
424

394
367
345

326
311
301
2
96
294
294
2
99
307
317
32
9
343
357
373

390
406
424

440
455
468

480
491
499

506
510
513
5
16
514
511
5
08
504
499
49
3
486
477
470

462
454
447

440
433
428
422

417
413
410

408
406
403

402
402
402
4
03
404
405
4
05
407
409
41
0
410
412
414

415
416
417

418
420
421

420
420
421

421
421
421
4
21
422
423
42
3
424
425
42
5
426
426
426

426
427
427

427
427
428

428
428
428
427

427
426
425

423
421
419
4
17
415
413
4
11
409
408
40
7
406
407
410

414
422
435

451
473
500

534
5