15
610
605
598
591
584
577
569
562
555
548
541
535
528
522
518
513
509
505
501
499
496
495
621
615
610

607
602
598

596
594
592
5
91
591
591
59
1
591
591
59
1
591
591
591

590
588
586

583
580
575

571
566
561

556
550
545
5
39
534
530
525
5
21
517
513
51
0
506
504

501
500
499
498

497
497
496

496
496
497

497
499
499

501
501
503
5
04
505
507
50
8
510
511
51
2
514
515
515

516
517
518

519
519
519

520
519
519
520

520
520
519

519
519
519
5
20
520
519
52
0
520
520
52
1
521
521
521

521
520
519

518
517
516

515
515
514

513
513
513
5
13
515
518
52
4
533
547
567

591
621
657

699
745
795

849
904
914
915

915
915
915

915
915
915

915
915
915
9
15
915
915
91
5
915
915
91
5
915
915
915

915
915
915

915
915
915

915
915
915

915
915
915
9
15
895
842
79
0
740
693
648

608
571
538

511
488
470

457
449
444
444

447
453
461

471
483
4
96
511
526
54
1
555
569
581
59
2
602
610
61
7
622
626
628

628
628
626

623
618
612

607
599
592

584
577
570
5
62
555
547
54
0
533
527
520

514
509
504

500
497
494

491
489
488

487
486
487
487

488
489
490

491
493
495
4
96
498
500
50
1
503
505
508

509
511
512

514
515
516

516
517
516

516
517
517
5
17
517
517
5
18
518
518
51
9
519
520
520

520
520
520

520
519
519
518

518
518

517
517
516
515

514
513
512

511
511
510
5
09
509
508
50
9
510
513
519

527
539
556

578
607
641

680
724
773

825
879
914
9
15
915
915
9
15
915
915
91
5
915
915
915

915
915
915

915
915
915

915
915
915
915

915
915
915

915
915
915

915
915
915
9
15
915
915
91
5
893
840
788

737
688
644

601
563
531

502
478
460

446
438
433
4
33
436
442
4
51
463
475
49
0
504
521
537

551
566
579

592
604
614
622

629
633
637

638
638
636

633
629
624
6
17
610
603
5
95
587
579
57
0
562
554
547

540
534
527

521
517
511

507
503
500

497
494
492
4
91
490
490
4
89
489
490
49
1
491
492
494

495
497
499
501

503
505
507

509
511
513

516
517
519

520
521
522
5
22
522
523
5
23
524
525
52
6
526
527
528

528
528
528

527
528
528

528
526
525

523
522
521
5
19
517
516
51
4
512
511
51
0
509
508
508

510
511
514
521

530
543
562

586
616
653

693
738
787

840
893
915
9
15
915
914
9
15
915
915
91
5
915
915
915

915
915
915

915
915
915

915
915
915

915
915
915
9
15
915
915
91
5
915
915
91
5
915
915
914
87
1
819
768

719
671
628
588

551
521
494

473
456
444

437
434
436
4
39
447
458
4
70
485
500
51
5
532
549
565

581
596
610

621
631
639

646
650
653

654
653
651
648

643
637
63
1
624
617
609
6
01
593
584

576
568
560
553

547
541
535

529
523
519

515
512
509

507
505
504
5
02
501
500
50
0
500
500
50
2
503
504
506

507
509
510

512
513
514

516
517
518

520
521
522
5
23
524
525
52
6
526
526
526
5
26
526
527
52
7
528
527
528

527
526
525

525
524
523

522
521
519

518
518
516
5
15
515
515
51
6
520
525
53
4
546
563
585

614
648
687

730
778
829

882
915
915

915
915
915
9
15
915
915
915
9
15
915
915
9
15
915
915
91
5
915
915
915

915
915
915

915
915
915

915
915
915

915
915
915
9
15
915
914
85
5
801
748
69
8
650
606
566

530
499
474

453
439
428

422
421
423

429
438
449
4
63
478
493
51
0
528
546
562

578
593
606
61
7
628
635
641

645
646
647

646
643
640

635
629
621

613
605
596
5
87
578
568
56
0
551
542
534

525
518
512
50
6
501
497

493
491
489

488
488
488

489
491
493
4
94
496
498
50
0
502
504
506

508
510
512
51
4
516
518
519

520
522
523

523
524
525

526
526
527

528
528
529
5
29
529
529
52
9
529
528
528

527
527
526

525
525
524
523

523
524

525
527
532
5
39
550
565
584

609
640
676
7
17
763
812

865
914
914
91
5
915
915
915

915
915
915

915
915
915

915
915
915

915
915
915
9
15
915
915
91
5
915
915
915

915
915
915

915
915
915
915

915
914

915
876
823
7
71
720
673
628

588
552
521
4
95
474
458
44
8
441
438
439

444
453
463

477
491
507

524
540
556

572
586
600

613
624
633
6
40
645
649
65
1
652
649
646

642
636
629

622
615
607

598
590
581

573
564
557
549

542
535
529

522
517
512
5
08
505
502
49
9
497
496
495

494
495
496

497
498
500

501
503
505

507
510
512
5
14
515
517
5
19
521
523
52
4
525
525
526

526
527
528

528
528
528

529
529
529

529
529
529
529

527
526
525

524
523
523
5
23
523
525
52
8
534
542
553

569
591
618

650
688
730

776
825
877

914
915
915
9
15
915
914
9
15
915
915
91
5
915
915
915

915
915
915

915
915
915
915

915
915

915
915
915
915

915
915
915
9
15
915
915
9
15
879
827
77
6
727
679
635

595
559
527

500
477
460

448
440
438

440
444
454
4
65
479
495
5
11
529
548
567
5
85
601
616

630
640
650

657
663
666

668
669
667
664

659
653
646

638
629
620
6
11
600
590
5
81
572
562
55
4
546
539
532

526
520
515

511
507
504

501
500
498

497
498
498
4
98
499
500
50
1
503
504
50
6
508
509
512

513
515
517

520
522
524

525
526
527

528
528
528
5
28
527
526
526
5
24
524
523
5
22
523
524
52
8
533
541
554

572
593
621

654
692
735

782
832
884

915
915
915
9
15
915
915
91
5
915
915
91
5
915
915
915
91
5
915
915

915
915
915

915
915
915

915
915
915
915

915
915
915
9
15
915
915
9
15
857
805
75
4
705
658
615

576
541
510

485
464
447

435
428
425

427
431
439
4
50
463
477
49
2
509
525
54
1
558
574
588
60
2
613
623

631
637
642

644
645
644
642

638
633
627

621
614
606
5
97
589
580
57
2
564
555
54
8
541
533
526

520
514
509

505
501
498

496
494
493

491
491
491
4
91
492
492
49
3
495
496
49
8
500
502
504
50
6
509
511
513

514
516
517

519
520
521

522
523
523

523
523
524
5
23
523
523
52
4
523
524
52
3
524
524
524

524
524
526

529
534
541

554
571
593

621
655
695
7
39
788
840
89
3
915
915
915
9
15
915
915

915
915
915
915

915
915
915

915
915
915

915
915
915

915
915
915
9
15
915
915
91
5
915
915
91
5
915
915
915

915
915
875

823
772
722

675
632
592

557
526
500
4
78
462
449
44
3
441
442
447

455
465
478
49
2
508
524

540
555
570
583

596
607
618

627
633
639

642
644
644
6
43
641
637
63
2
626
619
61
2
604
596
588

579
571
562

555
547
541

535
529
523

518
514
510
5
07
505
504
50
4
504
504
505
50
6
507
509
51
1
513
516
519

520
523
525

527
530
531

533
535
537

538
539
541
5
41
542
542
54
1
541
540
539

538
537
535

534
533
532

530
529
528

527
526
525
5
25
525
527
5
30
536
545
55
7
575
598
627
66
2
702
746
79
5
846
899
915

915
915
915

915
914
915

915
915
915

915
915
915
9
15
915
915
91
5
915
915
915

915
915
915

915
915
915

915
915
915

915
915
915
9
15
887
835
7
81
732
683
63
8
597
560
528

501
479
463
45
0
444
441
443

448
456
467

480
494
510

526
543
559

575
590
605
6
16
627
636
64
3
648
651
652

653
652
648

644
639
633

626
620
613

605
596
589
5
81
573
566
5
58
551
544
537
5
32
526
522
51
8
515
512
510

507
506
505

504
505
506

507
509
511

512
514
517
5
18
520
522
5
24
526
528
53
0
532
534
535

537
538
540

541
542
543

544
544
545

545
545
546
5
45
545
545
5
45
545
544
543
5
43
542
542
54
3
543
547
553

563
577
597

623
655
691

734
782
834

888
915
915
9
15
915
915
9
15
915
915
91
5
915
915
915

915
915
915

915
915
915

915
915
915

915
915
915
915

915
915
915

915
915
915
9
15
915
915
91
5
915
915
915

899
849
799

751
706
665

628
595
566

543
523
509
4
99
494
492
4
94
499
506
51
5
525
536
547

560
572
583

594
604
614

621
628
633

636
639
640
6
38
636
633
62
9
624
618
613
6
06
599
592
58
5
579
572
566

559
553
547

542
537
532

528
524
522

520
518
516
5
15
514
514
5
14
514
515
51
7
518
519
521

523
525
526

529
531
533

535
537
540

541
544
546
5
47
549
550
55
1
552
553
553
5
54
553
553
55
2
552
552
550

549
548
547

546
545
544

543
544
545

549
556
566
5
81
601
626
65
8
695
737
78
4
835
888
915

915
915
915

915
915
915

915
915
915
915

915
915
9
15
915
915
91
5
915
915
915
9
15
915
915
91
5
915
915
915

915
915
915

915
915
915

915
915
915

915
872
823
7
76
731
689
65
1
617
588
56
3
543
526
514

508
504
504

508
513
521

531
543
555
567

580
592
604

615
624
632
6
39
644
648
6
51
651
650
64
7
645
641
636

630
623
616

610
603
595

588
581
574

567
561
555
5
50
546
541
53
7
534
531
52
8
526
525
522

521
520
520

520
520
521

522
523
524

526
527
530
531

533
536
538
5
40
542
543
54
5
547
549
55
0
551
552
553

554
555
555

556
555
556

556
555
554

553
552
551
5
49
547
546
54
5
544
545
546

549
556
565

581
600
626
658

695
738
785

836
891
915

915
915
915

915
915
915
9
15
915
915
91
5
915
915
91
5
915
915
915

915
915
915

915
915
915

915
915
915

915
915
915
9
15
915
915
91
5
915
915
915

915
915
915

860
811
765

721
681
645

613
585
562
5
44
530
521
516

514
514
518
5
24
532
542
55
2
562
573
58
4
594
604
613

621
628
633

636
639
640

639
638
635

631
627
621
6
15
609
602
59
6
589
583
576

570
565
559

553
547
542
538

534
530
529

527
525
524

523
524
524

524
525
525
5
26
527
527
52
9
529
530
531

533
535
537

538
540
540

541
542
543

544
545
546

547
547
547
5
47
546
546
54
6
546
546
545
54
6
546
546
54
6
546
546
547

547
547
547

547
547
546

546
546
546

545
544
544
5
44
543
543
54
3
543
543
543

543
544
544

546
549
554

563
577
595

620
650
687
7
28
776
827
8
82
915
915
91
5
915
915
915

915
915
915
91
5
915
915
915

915
915
915

915
915
915

915
915
915

915
915
915
9
15
915
915
91
5
915
915
915

915
915
915

915
915
915

915
915
915

870
824
780
7
39
701
668
6
39
614
593
57
6
564
556
552
55
1
553
558
564

572
581
590

599
609
619

628
636
643

648
653
656

658
659
657
6
56
653
649
64
4
639
634
629

622
616
610

603
597
591

584
578
572

567
562
557
5
53
550
547
5
45
543
541
541
5
40
540
541
54
1
542
543
544

545
546
547

548
551
552

553
555
556

557
559
560
5
62
562
563
5
64
565
565
56
6
566
567
567

567
567
566

566
565
564

563
563
562

562
560
559
5
58
557
555
55
5
554
553
55
3
553
553
555
55
8
564
573
586

604
628
657

691
731
775

824
875
915

915
915
915
9
15
915
915
9
15
915
915
91
5
915
915
915

915
915
915

915
915
915

915
915
915

915
915
915
9
15
915
915
91
5
915
915
91
5
915
915
915
91
5
877
828
781

735
693
654

619
589
563

542
525
512

505
501
500
5
04
509
518
5
28
541
553
56
6
579
592
605

615
625
634

641
648
651

654
656
656

655
652
649
644

640
634
627
6
20
613
605
5
98
591
584
57
7
571
565
560

555
551
547

544
541
539

538
537
536

536
535
535
5
35
536
537
53
8
541
543
54
4
545
546
547

548
550
550

551
551
552
553

555
555

558
559
561
562

563
564
565
5
66
567
567
5
68
568
568
56
7
567
567
566

566
565
564

563
562
561

560
559
558

556
555
554
5
53
552
551
55
1
551
551
55
1
554
558
565

576
592
613

639
672
711
755

804
857
911

914
915
9
15
915
915
91
5
915
915
915
9
15
915
915
91
5
915
915
915

915
915
915

915
915
915

915
915
915

915
915
915
9
15
915
915
91
5
915
915
91
5
915
915
915

915
914
857

808
762
719

679
645
613

587
566
549
5
38
529
525
52
4
527
532
538
54
6
556
566
57
6
586
596
606

614
622
629

634
639
642

643
643
642

640
637
634
6
29
623
618
61
1
604
598
59
2
586
580
574

569
564
559

555
551
548

546
544
541
540

538
537
537

536
536
537
5
37
538
539
54
0
541
543
54
4
545
546
548

549
551
552

554
555
556

556
557
558

558
559
559
5
59
561
561
56
1
561
561
562

562
562
562

562
563
564

563
563
563

563
562
562
560

559
558
556

554
553
552
5
51
551
551
55
1
551
553
55
5
561
569
582

599
622
649

683
723
768

817
870
914

915
915
915
9
15
915
915
91
5
915
915
915

915
915
915

915
915
915
915

915
915
915

915
915
915

915
915
915

915
915
915
9
15
915
915
91
5
915
915
91
5
915
915
914

855
806
760

716
676
640

610
583
562

546
535
527
5
23
523
525
53
1
539
549
560

571
583
595

606
617
626

634
641
647
651

654
656
656

654
651
646

641
637
631
6
25
618
611
60
3
596
590
583

577
571
567

561
558
553

550
547
544

542
540
539
5
38
538
538
5
39
540
541
54
3
545
546
548

550
552
554

556
557
558

560
561
561
563

564
565
565

566
567
567

567
567
567
5
66
566
565
56
4
564
563
562

561
560
559

557
556
554

553
552
553

553
554
557
5
62
572
585
6
03
627
657
69
3
734
780
832

886
915
915

915
915
915
915

915
915
915

915
915
915

915
915
915

915
915
915
9
15
915
915
91
5
915
915
915

915
915
915

915
915
915

915
915
915

915
915
915
9
15
915
893
8
42
793
746
70
3
663
628
598

572
551
536
523

516
513
514

517
523
531

540
551
563

575
587
599
6
09
619
628
6
35
641
646
64
9
651
652
651

649
646
642

638
633
626

619
612
605

597
591
584
5
76
570
565
5
59
554
549
54
5
542
539
535

533
531
531
530

529
529
529

530
531
532

533
534
535

536
537
539
5
41
543
544
5
45
547
548
54
9
549
551
552

553
554
555

555
556
557

558
558
559

560
561
562
5
61
561
559
55
9
558
558
557
5
56
554
554

552
551
550

549
550
552
557

565
576
592

614
642
676

716
760
810
8
62
913
915
9
15
915
915
91
5
915
915
915

915
915
915

915
915
915

915
915
915

915
915
915
9
15
915
915
91
5
915
915
915
9
15
915
915
91
5
915
915
915

915
915
915

898
847
797

750
706
666

631
600
574
5
52
535
524
5
15
512
512
51
6
522
531
541

553
565
579

592
604
617
627

637
646

652
658
661
6
63
663
662
660
6
57
653
648
6
42
636
630
62
3
616
608
601

595
588
581

576
570
565

561
557
553

550
548
546
5
45
544
545
54
5
546
547
54
8
550
552
553

555
557
559

561
562
563

564
566
566

567
568
569
5
70
570
571
57
2
573
573
573
5
73
573
572
57
1
570
569
568

566
565
564

564
563
565

568
572
582

594
612
636
6
65
699
739
78
2
829
879
91
5
915
915
915

915
915
915

914
915
915

915
915
915

915
915
915
915

915
915
915
9
15
915
915
9
15
915
915
91
5
915
915
915

915
915
915

915
877
825

774
726
681

639
600
567
5
38
515
496
48
3
474
471
47
1
474
481
492

505
520
536

553
570
587

603
617
631

643
654
662
6
69
674
677
678
6
78
676
673
66
9
664
657
65
0
642
633
625

616
607
599

591
583
576

569
563
558

553
549
546
5
42
540
538
53
6
536
537
536

535
536
536

538
538
538

540
542
543

545
546
548
550

552
554
555

557
559
560
5
62
562
563
56
5
566
567
56
8
568
568
568

568
568
567

567
567
567

567
566
565

563
563
564
5
64
565
568
57
4
583
598
617

643
673
711

754
803
856

911
915
915
915

915
915
915

915
915
915

915
915
915
9
15
915
915
91
5
915
915
91
5
915
915
915

915
915
915

915
915
915

915
915
915

915
915
915
9
15
915
915
91
5
915
915
915

867
818
770

727
687
651

620
594
574

557
546
539
535

534
536
541

547
556
565
5
75
585
596
60
5
614
623
630

636
641
644

646
647
646

645
643
640

636
631
626

620
614
608
6
01
595
589
58
3
577
572
566

562
557
553

550
546
544
542

540
539
538

537
537
537

538
539
540

542
544
546
5
48
549
551
55
2
553
554
555

557
559
560

562
564
565

566
567
567

568
568
568
5
68
568
568
5
68
568
567
56
7
566
565
564

564
565
566

570
576
585

598
617
641

672
708
749
795

845
896
915

915
915
915
9
15
915
915
91
5
915
915
915

915
915
915

915
915
915

915
915
915

915
915
915
9
15
915
915
9
15
915
915
91
5
915
915
915

915
915
915

915
868
819
771

726
685

647
614
586
563

545
532
523
5
18
518
520
5
26
535
546
55
8
570
584
597

610
623
635

646
655
663

669
673
675

676
674
672
6
68
663
657
6
50
643
635
627
6
19
611
602

594
587
580
573

567
562
557

552
548
544

542
539
538

538
537
537
5
38
538
539
5
41
542
543
54
5
547
549
550

552
553
554

556
557
559

560
560
561

562
561
562
5
61
561
560
55
9
559
559
55
8
557
557
556
55
6
556
558

561
567
577
592

612
638
670

709
753
801

854
908
915
9
15
915
915
9
15
915
915
91
5
915
915
915

915
915
915

915
915
915

915
915
915

915
915
915
9
15
915
915
91
5
915
915
915
9
15
915
915
91
5
915
915
915

915
858
808

759
714
673

634
601
573

550
531
517
5
08
504
503
5
06
512
520
53
0
542
554
567

580
592
605

616
626
636

643
649
654
657

659
658
6
57
655
652
64
7
642
636
629
6
21
614
606
59
8
591
583
576

569
562
555

548
543
538

535
531
529

527
526
526
5
26
526
527
52
8
530
531
53
2
533
535
536

538
540
542

544
546
548

550
552
553

555
556
558
5
59
561
561
56
2
563
563
563
5
63
563
562
56
2
561
560
559

557
556
555

553
551
549

548
547
546

547
549
553
5
60
572
589
61
2
642
679
72
1
769
822
878

915
915
915

915
915
915

915
915
915

915
915
915
9
15
915
915
91
5
915
915
915

915
915
915
91
5
915
915
915

915
915
915

915
915
915

915
915
915

915
915
915
9
15
915
880
82
9
779
734
69
1
653
619
589

566
547
533

524
519
517

519
524
530

538
548
560
5
71
583
594
605
6
15
624
631
63
7
641
644
64
6
646
644
642

638
634
628

622
615
608

601
594
587

580
574
567
5
61
556
552
54
7
543
540
53
8
535
533
532

530
530
530

530
531
532

534
536
537

539
542
544
5
47
550
553
55
6
558
560
562
56
4
565
566
56
8
568
569
570

571
570
570

569
568
567

566
565
564

563
563
563
5
62
562
561
56
1
560
560
561

563
567
573

583
598
619

646
679
717

761
809
860
9
12
915
915
9
15
915
915
91
5
915
915
915
91
5
915
915
91
5
915
915
915

915
915
915

915
915
915

915
915
915

915
915
915
9
15
915
915
91
5
915
915
915

915
870
816

765
716
671

630
593
561

536
514
499
488

482
480
482

488
496
507
5
20
534
548
56
2
577
591
60
5
617
628
637

644
650
654

656
657
657

655
651
647

642
637
630
6
23
615
607
60
0
591
585
578

571
565
560

555
550
546

542
539
536

533
531
529
5
28
527
527
528

529
530
531
5
32
533
535
53
6
539
541
543

544
546
548

550
551
552

554
556
558

560
561
562
5
62
562
562
5
62
563
563
56
4
564
564
564

563
563
562

562
562
561

560
559
558
558

559
560
5
65
573
586
604

629
660
698
7
42
791
845
90
2
915
915
915

915
915
915

915
915
915

915
915
915

915
915
915
9
15
915
915
9
15
915
915
91
5
915
915
915

915
915
915

915
915
915

915
915
915

915
915
915
915

915
915
915

897
846
796
7
50
707
669
63
5
605
580
561

546
536
529

527
527
531

537
544
554

563
573
583
5
94
603
612
6
19
625
630
63
4
637
639
639

639
637
633

629
624
618

613
607
601
594

587
581
574

568
562
557
5
52
548
544
5
40
537
535
53
3
531
529
529

529
529
530

530
531
531

533
534
536

538
539
541
5
43
545
547
5
48
550
551
55
3
554
555
556

557
557
558
559

560
560
561

561
561
562

562
563
562

562
561
561
5
61
561
560
5
60
560
559
55
8
557
556
555

555
555
555

554
554
554

555
556
560

567
578
594
6
17
645
680
722

769
823
879
9
15
915
915

915
915
915

915
915
915

915
915
915
915

915
915
915

915
915
915
9
15
915
915
9
15
915
915
91
5
915
915
915

915
915
915

915
915
915

915
915
915

915
915
915
8
96
843
794
74
8
704
666
63
2
602
578
559
54
4
533
527
524

525
528

534
541
550
561

571
583
594

603
613
621
6
28
634
638
6
40
642
642
64
1
639
636
632

627
622
616

610
604
598

591
585
579

573
568
562
5
58
553
550
54
6
543
541
540
5
38
536
536
53
5
536
537
538

539
540
542

543
545
548

550
552
553

554
555
556
5
57
558
559
55
9
561
561
56
2
563
564
564

564
564
564

564
564
564

564
563
564

564
565
565
5
65
565
565
565
5
64
563
562
5
62
561
561
56
0
559
558
557

557
556
556

556
557
560

565
573
585

603
627
658
6
94
737
784
83
7
893
915
91
5
915
915
915

915
915
915

915
915
915

915
915
915

915
915
915
9
15
915
915
91
5
915
915
915
91
5
915
915
91
5
915
915
915

915
915
915

915
915
915

915
914
851

797
747
699
6
56
617
584
55
7
534
518
50
6
499
497
499

503
511
522

534
547
560

575
589
602

615
626
636
6
45
652
656
66
0
662
662
661
65
8
655
650
64
4
638
631
623

616
608
600

593
585
578

571
565
559

553
548
543
5
40
537
534
53
2
530
529
528

528
528
528

529
530
532

532
535
536

538
539
541

543
544
546
5
48
550
551
55
3
554
556
557
55
9
560
560
56
0
561
562
561

562
562
562

563
563
563

563
563
563

563
562
562
5
62
561
560
55
9
559
559
559

558
558
558

557
556
556

555
554
553

552
551
549
5
48
547
546
5
46
546
548
551
5
57
565
578
59
7
622
653
69
0
735
785
840

898
915
915

915
915
915

915
915
915

915
915
915
9
15
915
915
91
5
915
915
915

915
915
915

915
915
915

915
915
915

915
915
915
9
15
915
915
9
15
915
915
915
9
15
915
915
91
5
915
898
846

796
750
707

669
635
606

582
564
551

542
536
535

536
541
547
5
55
565
574
58
4
594
604
613

620
627
632

636
639
641

641
640
638

635
631
625
6
20
614
608
601

594
587
580
5
73
568
561
55
6
551
546
542

538
534
531

529
527
526

525
525
525

526
526
528
5
29
530
532
5
33
535
536
53
8
540
542
544

545
546
547

549
549
551

552
553
554
554

555
556
5
57
558
559
561

561
562
563
5
63
563
564
56
5
566
567
566

567
566
565

565
564
564

563
562
562

561
560
559
5
58
557
556
5
55
555
554
55
5
556
559
564

572
586
605

629
660
698

740
788
841

896
915
915
915

915
915
915
9
15
915
915
9
15
915
915
91
5
915
915
915

915
915
915

915
915
915

915
915
915

915
915
915
9
15
915
915
9
15
915
915
915
9
15
915
915

915
890
836
784

735
690
649

612
582
556

536
521
512

507
507
510
5
16
524
536
5
48
562
576
59
0
604
618
630

642
651
659

665
670
672

673
673
670

666
662
655
6
48
641
633
62
5
616
607
59
9
590
583
575

569
562
557
552

548
544

541
539
536
535

535
535
535

535
536
536
5
36
537
538
5
38
540
540
54
2
543
545
546

548
549
550

553
554
556

557
559
560

562
564
565
5
66
567
567
56
9
569
569
56
9
569
568
568

567
567
566

566
565
565

564
563
563

563
563
563
566

570
577
589
6
05
627
656
6
90
730
776
82
7
881
915
915

915
915
915

915
915
915

915
915
915

915
915
915
9
15
915
915
91
5
915
915
91
5
915
915
915
91
5
915
915
915

915
915
915

915
915
915

915
915
915

915
915
915
9
15
910
849
79
8
750
706
66
7
632
601
576

557
543
533

528
526
529

534
541
550

560
571
583
5
94
605
614
62
4
631
638
64
4
647
650
652

652
651
649

646
641
637
631

625
619
611

604
597
591

585
579
574
5
68
564
559
55
5
551
547
54
5
543
542
541

541
541
542

543
544
545

547
548
550

552
553
554
5
56
557
558
55
9
560
561
561
5
62
562
562
56
2
563
563
564

565
566
566

567
566
567

567
567
567

567
567
566
5
66
565
565
56
4
564
563
56
2
562
562
562

563
565
570

578
591
609

633
662
698

740
788
840
8
95
915
915
91
5
915
915
915

915
915
915

915
915
915
915

915
915
915

915
915
915

915
915
915

915
915
915
9
15
915
915
91
5
915
915
91
5
915
915
915

915
915
915

915
915
885

832
781
734

690
650
615
5
86
562
543
529
5
19
514
513
51
6
522
530
54
0
552
564
576

589
601
612

622
631
638

644
649
652

654
654
654
6
51
648
643
63
8
631
624
617

610
603
595

588
581
574

568
562
557

551
547
543
5
39
536
534
5
32
531
530
53
0
530
531
531

533
535
537
53
9
542
544
547

549
551
553

556
558
559

561
562
564

565
566
567
5
67
568
569
57
0
570
570
570

570
570
570

570
569
568

567
567
566

565
564
563
5
61
561
560
559

559
560
563
5
68
575
588
60
6
630
660
697

739
786
836

889
915
915

915
915
915

915
915
915

915
915
915
9
15
915
915
91
5
915
915
915

915
915
915

915
915
915

915
915
915

915
915
915
9
15
915
915
9
15
915
915
915
8
64
811
760
71
1
668
628
593

564
540
522

509
500
497

498
502
509

520
533
548
5
64
580
597
6
13
627
641
65
3
663
672
679

684
686
687

686
683
678

673
666
659
651

641
632
6
24
615
605
597

589
581
574
5
67
561
555
55
0
546
543
540

538
536
534

533
533
532

533
533
535

537
537
540
5
41
543
544
5
45
547
548
54
9
551
552
553

554
554
555
555

556
556

556
556
557

557
557
557
5
56
555
555
556

558
562
568
5
78
593
612
63
8
668
705
746

793
843
896

915
915
915

915
915
915

915
915
915
9
15
915
915
9
15
915
915
91
5
915
915
915

915
915
915

915
915
915

915
915
915

915
915
915
9
15
915
915
91
5
915
893
838
7
85
735
688
64
5
607
573
545

522
505
493

485
483
484

489
498
508

521
534
549
5
63
578
593
60
7
620
631
64
1
649
656
660

663
665
664
662

658
653
647

640
633
624

616
608
600

592
584
577
5
70
564
557
5
52
547
542
53
8
535
532
530

529
528
527

527
527
528

530
532
534

536
538
541
5
43
545
548
55
0
553
555
55
7
559
560
561

562
563
563

563
564
563

563
564
564

563
562
562
561

559
559
558
5
60
562
566
5
73
585
601
62
3
652
687
728

775
826
881

915
915
915

915
915
915

915
915
915
9
15
915
915
91
5
915
915
91
5
915
915
915

915
915
915

915
915
915

915
915
915

915
915
915
915

915
915
915
9
15
915
915
91
5
889
837
78
6
738
694
654

618
587
562

543
528
518

513
511
513

518
526
535
5
46
558
571
58
4
597
610
62
0
630
638
644

649
652
655

654
654
652

648
644
638

632
625
618
610

602
594
587
5
79
572
565
55
8
552
546
54
0
534
530
526

524
522
521

519
519
519

519
520
521

523
525
527
5
29
531
533
53
5
538
540
542

544
546
548

550
552
552

553
554
554

554
554
554
554

553
553
553

554
555
555
5
57
560
565
57
3
585
603
62
6
655
689
730

775
825
878

915
915
915

915
915
915

915
915
915
9
15
915
915
91
5
915
915
915

915
915
915

915
915
915

915
915
915

915
915
915
915

915
915
915

915
915
915
8
97
843
789
73
8
689
645
60
4
569
538
514

494
481
470

466
465
468

476
486
499

513
529
545
5
63
579
595
61
1
624
636
646
65
5
661
666
66
9
670
668
666

662
657
651

644
637
628

620
612
604

595
586
578
5
71
562
555
54
8
542
537
532

528
524
521

518
517
515

515
515
515

517
519
520
5
23
525
527
5
29
532
534
53
7
540
542
544

547
548
550
55
2
553
554
556

556
556
556

557
557
557

558
558
560

564
569
578
5
92
610
635
66
4
700
741
786

835
886
915

915
915
915

915
915
915

915
915
915
9
15
915
915
9
15
915
915
91
5
915
915
915
91
5
915
915
91
5
915
915
915

915
915
915

915
915
915

915
853
798

745
697
649
6
06
568
534
50
7
485
468
457

451
451
453

459
468
480

495
510
527

544
562
579
595

611
625
638

648
657
664
6
69
671
671
67
0
667
662
657

650
643
635

627
618
609

600
592
583

575
568
561
5
55
549
544
5
40
536
532
52
9
526
524
522

521
521
521

521
522
523

523
525
527
529

531
533
5
35
537
540
5
41
542
543
54
5
546
547
548

549
551
552
553

554
556
556

558
558
559

559
558
558

558
557
556
5
56
556
554
5
54
553
552
55
2
552
552
555

560
568
581

599
623
653

690
733
783

838
896
915
915

915
915
91
5
915
915
915
9
15
915
915
91
5
915
915
915

915
915
915

915
915
915

915
915
915

915
915
915
9
15
915
915
9
15
915
915
91
5
915
915
915

915
915
915

915
915
888

838
789
744

703
666
634
6
07
585
567
554
5
45
541
539
5
41
545
550
55
7
565
573
583

592
602
610

618
624
630

633
635
635

635
634
632
6
29
626
621
6
16
610
604
59
7
590
584
577

570
564
558

552
546
542

537
532
528

526
523
521
5
20
518
518
51
8
519
520
521
5
23
524
527
52
8
531
532
534

536
537
538

539
540
542

543
543
544

545
546
546
5
47
548
549
55
0
551
552
55
3
553
554
554

553
553
552

551
550
550

549
548
548

547
546
546
5
46
546
547
55
0
556
564
578
5
98
624
656
69
5
740
790
845

902
915
915

915
915
915

915
915
915

915
915
915
9
15
915
915
91
5
915
915
91
5
915
915
915

915
915
915

915
915
915
915

915
915
915

915
915
915

915
915
915
9
15
915
873
8
23
774
730
68
9
652
619
592

569
551
539

530
526
525

527
532
540

549
560
571
5
83
594
605
61
6
624
633
64
0
645
650
653

654
654
652

649
646
641

634
627
620
612

604
596
589

581
574
568
5
62
556
551
54
6
542
538
53
4
530
528
526

524
523
523

522
522
523

524
525
526

528
530
532
5
34
536
538
54
1
543
545
547

549
551
552

554
556
557

557
558
559

558
558
558

558
557
557
557

556
555
555
5
53
553
553
55
2
550
550
54
9
548
547
547

548
549
551

555
563
574

590
613
642

676
715
760
8
08
860
911
91
5
915
915
915

915
915
915
91
5
915
915
915

915
915
915

915
915
915

915
915
915

915
915
915
9
15
915
915
91
5
915
915
91
5
915
915
891

835
780
728

677
630
587

548
514
486

463
445
432
4
26
424
426
43
2
441
453
468

484
502
521
54
1
560
579
596

612
626
638

648
656
662

666
668
669

668
665
661
6
55
649
641
63
3
624
616
608

599
590
581

572
564
557

550
544
538

533
529
524

521
518
515
5
14
513
513
51
3
513
514
515

517
518
521
52
3
525
527
529

531
533
536

539
540
543

544
546
547

549
550
552
5
53
554
554
55
4
554
555
556

556
556
555

556
556
555

553
553
553

552
550
549
5
48
547
545
5
45
545
544
54
3
543
544
546
55
0
557
569
58
5
607
636
670

710
756
807

863
914
915

915
915
915

915
915
915
9
15
915
915
91
5
915
915
915

915
915
915

915
915
915

915
915
915

915
915
915
9
15
915
915
915

915
915
915
9
15
915
915

915
915
915

893
839
788
740

695
653
616

586
561
540

524
512
506
5
03
505
509
5
16
526
536
54
7
559
572
583

594
604
614

622
628
634

638
641
643

643
642
640
6
37
632
627
6
21
614
607
60
0
593
586
579
57
2
565
558
552

547
542
537

533
530
527

525
522
521

519
518
516
5
15
516
516
5
16
517
518
51
9
520
522
525

526
528
529

531
533
534

536
537
538

541
543
545
5
46
548
550
55
1
552
554
55
5
555
554
554

554
554
553
552

551
551
550

550
549
548

548
547
546

545
544
544
5
43
542
542
5
41
542
544
54
8
556
567
582

604
633
667

707
752
801

855
909
915

915
915
915
9
15
915
915
915
9
15
915
915
9
15
915
915
91
5
915
915
915

915
915
915

915
915
915

915
915
915

915
915
915
9
15
915
915
9
15
915
915
91
5
887
834
783

735
689
647

610
578
551

530
513
501

495
492
493
4
97
505
515
52
6
540
554
56
7
582
595
608
62
0
630
638
645

651
654
656

656
655
653

649
644
639

633
626
619
6
11
603
596
58
8
581
574
56
7
560
554
548

544
539
535

531
528
526

524
522
521

520
520
520
5
20
521
522
52
4
525
527
52
9
531
533
535
53
6
538
540
541

543
544
546

547
547
548

549
550
550

550
550
550
5
50
550
550
55
0
550
550
54
9
549
549
549

550
549
549

548
548
548

548
548
548

548
550
551
555

562
572
588
6
09
636
670
7
08
752
800
85
1
903
915
915

915
915
915

915
915
915

915
915
915

915
915
915
9
15
915
915
91
5
915
915
91
5
915
915
915

915
915
915

915
915
915

915
915
915

915
915
868
8
14
762
713
666
6
24
586
553
52
5
502
485
47
2
464
460
461

466
474
484

497
511
527

543
558
574

590
605
618
6
29
639
648
65
3
658
660
66
1
660
657
653

649
643
636

629
621
612

603
594
585
577

570
562
555

549
543
537
5
32
528
525
52
2
519
517
51
5
514
514
513

514
515
517

519
520
522

525
527
528

531
533
535
5
37
539
540
54
2
543
543
544

545
546
547

547
548
549

549
550
551

553
554
554
5
54
555
554
554

554
554
554
5
54
553
552
55
1
551
550
54
9
548
548
547

546
545
544

544
543
542

542
540
540

540
540
540
5
43
546
553
56
3
579
601
628

663
702
748

798
852
908
915

915
915

915
915
915
915

915
915
915

915
915
915
9
15
915
915
91
5
915
915
91
5
915
915
915

915
915
915

915
915
915

915
915
915

915
915
915
9
15
915
915
91
5
885
833
782

735
690
650

614
584
559
539

524
514
507

505
507
511

519
528
538

551
563
576
5
89
601
612
62
2
630
637
643

648
651
651

651
649
646

641
635
629

622
614
606
5
97
588
580
5
72
565
558
55
1
544
538
532
52
8
523
519

516
513
511
509

508
507

507
507
508
509

510
512
514

516
519
521
5
24
527
530
53
3
536
539
542

545
546
548

550
551
551

552
553
554

555
555
556
5
56
556
556
5
56
556
555
55
4
553
552
551

550
550
550

550
549
549

549
549
549
548

548
549
548

547
547
547

546
545
545
5
45
544
544
54
4
545
546
549

553
559
568

582
601
625

655
691
732

778
829
882
9
15
915
915
9
15
915
915
91
5
915
915
915

915
915
915

915
915
915

915
915
915
915

915
915
915

915
915
915
9
15
915
915
9
15
915
915
91
5
915
915
915

914
877
824

773
724
678

637
600
568

542
520
504
4
93
486
484
4
86
491
499
51
0
523
536
552

567
582
598
612

625
637
648

656
663
668

671
673
672

670
666
662
6
57
650
642
6
35
626
617
60
7
599
591
582

574
567
559

553
547
542

538
534
531

528
526
525
5
24
523
523
52
3
523
524
52
6
527
528
530
53
1
533
534
535

537
539
540

541
542
543

545
546
547

548
550
551
5
53
554
554
5
56
557
558
55
8
558
558
558

557
557
556

556
554
553

552
551
551

551
553
557
5
63
573
588
60
8
634
665
70
1
743
788
836
88
7
915
915
915

915
915
914

915
915
915

915
915
915

915
915
915
9
15
915
915
9
15
915
915
91
5
915
915
915

915
915
915

915
915
915

915
915
915

885
830
777
7
26
677
632
59
1
554
523
497
4
76
460
449
44
4
443
446
452

462
474
489

505
522
539

557
574
591

606
620
632
6
42
650
656
66
1
663
664
66
4
661
658
654

648
641
633

625
617
607

599
590
581

573
565
558
5
51
545
539
53
4
529
526
523

520
518
516
51
6
515
516
515

516
517
518

519
520
522

523
525
526

528
529
531
5
32
533
535
53
7
539
541
54
3
545
547
549

550
551
552

553
553
554

554
554
554

554
553
553
5
52
552
551
55
1
550
549
548
54
8
547
546
54
5
544
545
545

546
549
554

562
576
594

618
649
685

727
773
823
8
78
914
915
91
5
915
915
91
5
915
915
915

915
915
915

915
915
915

915
915
915

915
915
915
9
15
915
915
915
9
15
915
915
91
5
915
915
91
5
915
915
915

915
915
915

915
915
859

806
756
709

667
628
594
5
66
542
524
511
5
02
497
496

498
505
513

523
534
546

558
570
582

594
605
615
622

629
635
639

641
642
641
6
39
636
631
62
7
622
616
60
9
603
596
589

583
576
570

564
558
553

547
542
538

535
532
528
5
26
523
522
52
1
520
520
519

519
519
519

520
520
522

524
526
528

530
531
533
535

537
540
541

542
544
545
5
46
547
547
54
9
549
549
55
0
550
551
551

552
552
552

553
554
554

554
555
554

554
554
554
5
53
553
553
55
3
552
551
550

550
549
548

547
547
545
545

545
547
550

556
565
5
80
600
626
6
59
698
742
790
8
43
898
915
91
5
915
915
915

915
915
915

915
915
915

915
915
915

915
915
915
9
15
915
915
9
15
915
915
91
5
915
915
915

915
915
915

915
915
915
915

915
915
915

915
915
867

815
764
717

673
634
599
5
70
546
527
51
3
504
500
500

503
510
520

530
543
556

571
584
598

611
623
634
6
43
650
656
6
59
662
663
66
2
659
656
653

647
642
636

629
622
614

606
598
591

584
578
572
566

561
556
552

548
545
543
5
41
539
538
53
7
536
536
536

536
537
538

538
539
541

543
544
546

547
549
550
5
52
554
556
5
58
559
561
56
2
563
564
565

566
567
568

569
570
569

570
571
571
571

571
571
571

570
569
568
5
67
565
564
5
63
562
561
56
0
560
561
565

571
581
595

614
640
671

708
750
796

846
899
915
9
15
915
915
9
15
915
915
91
5
915
915
915

915
915
915

915
915
915

915
915
915

915
915
915
915

915
915
915
9
15
915
915
9
15
915
915
91
5
915
915
870

816
763
713

666
623
585

552
525
502

485
473
467
4
65
467
473
48
2
493
507
52
2
538
555
571

587
603
616

629
640
650

658
664
668
670

671
670
668

663
658
652
6
45
637
629
6
21
612
603
59
5
587
579
573

566
560
554

549
545
542

539
536
534

533
531
530
5
30
530
531
53
1
532
533
53
4
536
537
539

540
542
544

545
547
548
550

552
554
555

556
557
558

559
560
561
5
62
564
564
5
65
565
565
56
5
565
566
566

566
566
566

566
566
565

565
565
564

564
563
562
5
62
562
562
56
1
560
559
55
8
558
559
560

563
569
578
592

612
639
671

710
755
804

858
912
914

915
915
915
9
15
915
915
91
5
915
915
91
5
915
915
915

915
915
915

915
915
915

915
915
915

915
915
915
9
15
915
915
91
5
915
915
91
5
915
915
915
91
5
915
915
915

913
849
797

747
701
660

623
591
564

543
527
516
5
09
506
507
51
2
519
528
53
9
551
563
576

588
600
611

621
630
638

643
649
652

653
653
650
6
48
644
639
63
4
627
621
614

607
601
593
58
7
580
574
568

562
557
552

547
544
541

538
536
534

533
532
531
5
31
532
533
53
3
534
536
53
7
539
541
543

544
546
548

549
550
552

553
554
555

557
557
558
5
59
560
560
56
2
563
563
564
56
5
566
568
56
8
570
571
571

571
572
573

572
572
572

571
569
568

567
565
564
5
62
560
559
55
7
556
556
556

558
562
569
57
9
596
618
645

680
720

766
817
871

915
915
915
9
15
915
915
915
9
15
915
915
91
5
915
915
91
5
915
915
915

915
915
915

915
915
915

915
915
915

915
915
915
9
15
915
915
91
5
915
915
915

915
915
915

904
846
792

741
694
651

611
578
551
529

511
499
492

489
490
495
5
03
513
525

538
553
568
58
2
596
609
622

632
641
649

655
659
661

662
660
658

654
649
643
6
36
629
621
61
3
604
596
587

580
573
567

560
555
549

544
541
537
534

532
530
529

528
527
527

528
528
529
5
30
531
533
53
6
538
539
540

542
543
545

546
548
550

551
553
554

556
556
558

559
559
561
5
62
564
564
56
5
566
566
567

567
567
567
56
6
566
565

564
564
563

562
561
560
5
60
559
557
5
56
556
556
558
5
60
566
576
59
1
613
640
675

716
761
812

867
914
915

915
915
915

915
915
915
9
15
915
915
9
15
915
915
91
5
915
915
915

915
915
915

915
915
915

915
915
915
915

915
915
9
15
915
915
9
15
915
915
915
9
15
915
915
91
5
860
806
755

708
664
625

591
563
539

521
508
499

495
495
499
5
05
514
525
5
37
550
564
57
7
589
601
612

622
630
637

643
647
650
650

649
647
643

639
633
627

621
614
607
5
99
591
584
5
76
569
562
55
5
548
542
537

532
527
524

522
520
519

518
518
519

520
521
523
5
24
526
528
5
31
533
535
53
7
539
541
543

545
547
549
551

553
554
555

556
557
558

559
559
560

560
560
561
5
61
562
562
5
62
562
563
56
3
564
563
563

562
562
562

561
560
559

558
557
556

555
554
553
5
53
553
554
55
7
561
569
58
1
599
623
653

689
731
778

830
885
915
915

915
915
915

915
915
915

915
915
915
9
15
915
915
9
15
915
915
91
5
915
915
915

915
915
915

915
915
915

915
915
915

915
915
915
9
15
915
915
91
5
915
915
89
0
836
783
734

689
647
611

580
554
534
519

508
502
501

504
510
519

531
543
558
5
72
587
602
6
16
630
641
65
2
659
666
671

674
675
673

671
668
664

659
652
646

638
631
623
6
15
607
599
59
1
584
577
57
1
565
560
555

552
549
546
543

542
541
540

540
540
541

541
542
543

545
547
550
5
52
554
555
55
6
557
559
56
0
562
563
565

567
568
569

570
571
572

573
573
573

574
574
574
5
74
574
573
57
3
572
571
570
5
70
569
568
56
7
566
565

563
562
561
561

563
565
569

577
589
604

627
655
689
7
29
774
824
87
7
915
915
91
5
915
915
915

915
915
915

915
915
915

915
915
915

915
915
915
9
15
915
915
91
5
915
915
915
9
15
915
915
91
5
915
915
915

915
915
915

915
914
855

799
746
696

649
608
571
5
40
515
495
48
1
471
467
46
7
471
479
489

502
517
533

550
567
585

601
616
630

642
653
661
6
68
674
677
67
9
679
677
673
66
9
663
657
65
1
643
635
627

618
610
601

593
585
578

571
565
559

554
550
546
5
42
539
537
53
5
533
533
53
2
532
532
533

534
534
536

537
539
541

543
545
548

550
552
555
5
57
560
562
56
4
566
568
570
57
2
573
574
57
5
577
577
579

579
580
580

580
579
579

578
577
576

575
573
572
5
70
569
568
56
7
566
565
564

563
563
565

568
575
585

600
622
650

684
725
771
8
22
877
915
915

915
915
915
9
15
915
915
91
5
915
915
91
5
915
915
915

915
915
915

915
915
915

915
915
915

915
915
915
9
15
915
915
91
5
915
915
915

915
915
915

915
915
915

915
914
850

798
748
703
6
61
625
594
5
68
548
533
52
3
517
515
516
52
1
528
537
548

559
571
582

594
605
615

624
632
639

644
649
652

653
653
652
6
49
645
641
63
5
629
623
616

609
602
595

588
581
575

570
564
559

555
551
549
5
46
544
542
5
41
540
540
540
5
41
542
543
54
4
545
546
548

549
551
553

555
558
559

560
562
564

565
566
567
5
67
568
568
5
69
569
570
57
0
572
572
572

572
572
572

572
573
573

573
573
573

573
572
572
571

571
571
570

570
569
569
5
70
572
576
58
2
592
608
629

656
689
729

774
824
877

915
915
915

915
915
915
9
15
915
915
9
15
915
915
91
5
915
915
915

915
915
915

915
915
915

915
915
915

915
915
915
915

915
915
915

915
915
915
9
15
915
915
91
5
886
832
780

731
686
646

609
580
556

536
522
514

509
508
511
5
18
528
540
5
54
568
582
59
6
611
624
636

647
657
665

671
675
677

678
677
675

672
666
660
6
53
645
636
627
6
19
610
602
5
93
585
578
57
1
565
560
555

551
548
545

543
541
540

539
539
539

540
541
542
5
44
546
549
5
51
553
555
55
8
561
563
564

566
568
570

571
572
574
574

574
575
575

576
576
576

577
577
578
5
78
578
577
5
76
575
574
57
4
573
572
573

575
578
585

596
612
634

662
697
738

784
834
888
9
15
915
915
91
5
915
915
91
5
915
915
915

915
915
915

915
915
915
915

915
915
915

915
915
915

915
915
915
9
15
915
915
9
15
915
915
91
5
915
915
915

915
915
915

888
833
781

731
685
643

606
574
548
5
27
511
501
49
5
493
496
50
1
509
520
532

546
560
575

590
603
616
629

640
649
656

662
666
669

670
669
667
6
64
659
654
64
8
641
634
62
6
618
609
601

593
585
578

571
565
559

555
551
547

544
541
539
5
37
536
535
53
4
534
535
53
6
537
537
539

541
543
545

547
550
552

554
557
559

561
564
566
567

569
571
572
5
74
575
575
57
6
576
576
57
6
576
576
575

575
575
574

574
573
571

570
569
568

567
567
568
5
72
577
586
60
1
621
648
681

720
766
816

871
915
915

915
915
915

915
915
915
915

915
915
915

915
915
915
9
15
915
915
91
5
915
915
91
5
915
915
915

915
915
915

915
915
915

915
915
915

915
915
915
9
15
915
915
85
4
799
748
700

656
617
583
55
4
531
513
501

494
492
493

498
506
518

530
545
560

575
591
606
6
20
633
644
65
4
661
667
67
1
673
673
672

670
665
660

655
648
641

634
626
618

610
602
594
5
88
581
575
56
9
564
559
555
55
1
549
546
54
4
543
543
542

543
543
544

545
546
547

549
551
553

555
557
560
5
62
564
566
56
9
571
574
575

578
579
581

582
583
585

585
585
585

585
586
585
5
85
584
584
5
83
583
583
58
2
581
581
580

580
581
583

587
595
605
621

642
670
704

743
787
837

889
915
915

915
915
915
9
15
915
915
91
5
915
915
915

915
915
915

915
915
915

915
915
915

915
915
915
9
15
915
915
9
15
915
915
915
9
15
915
915
91
5
915
915
89
9
842
788
736

686
642
601

566
537
514

496
483
475

472
473
478
4
87
498
512
52
7
543
559
576

593
610
624

638
649
658

666
672
677

679
679
679
6
77
672
667
6
61
654
646
63
8
629
621
612
60
3
595
586
578

571
565
559

554
549
545

541
538
535

534
533
532
5
32
533
533
5
34
536
538
54
0
543
545
547

550
552
554

556
557
559

561
563
565

567
568
570
5
71
573
574
575

576
577
577
5
77
577
578
57
8
579
578
578

578
577
577

576
575
575

575
576
578

584
592
606
6
24
649
680
7
18
762
812
86
6
914
915
915

915
915
915

915
915
915

915
915
915

915
915
915
9
15
915
915
915

915
915
91
5
915
915
915
91
5
915
915
915

915
915
915

915
915
915

915
915
915

915
915
915
9
15
874
821
7
71
725
683
64
5
612
584
561

543
530
522

518
518
521

527
535
545

556
567
580
592

603
614
624
6
32
640
646
6
51
653
654
65
4
653
650
646

642
636
630

623
617
610

603
596
589

582
576
569
5
63
558
552
5
48
544
540
53
8
535
533
531

530
529
529

529
531
531

532
534
535
537

539
541
5
43
545
548
55
1
555
558
559
5
61
563
564
56
5
566
567
569

571
573
574

575
576
578

578
577
576

576
576
575
5
74
574
574
57
3
573
573
57
2
572
572
573

577
582
592

606
626
652

684
723
767
818

873
915
915

915
915
915
9
15
915
915
9
15
915
915
91
5
915
915
915

915
915
915

915
915
915

915
915
915

915
915
915
9
15
915
915
91
5
915
915
91
5
915
915
915

915
915
915

880
825
773

725
680
639

603
574
550
531

517
508
503
5
03
506
513
5
22
534
546
56
1
576
590
605

619
630
642

652
660
666

671
674
675

674
672
668
6
63
657
651
64
4
637
628
62
1
613
605
597

590
584
578

573
568
563
560

557
554
551

550
549
549

549
549
549
5
49
550
551
55
2
554
555
55
7
560
561
563

565
566
568

569
571
571

572
574
575

575
576
577
5
77
577
578
578
5
78
578
578

577
577
576

575
574
573

572
573
573
575

578
585
595

610
630
656

688
725
768
8
17
869
914
91
5
915
915
91
5
915
915
915

915
915
915

915
915
915

915
915
915

915
915
915
9
15
915
915
91
5
915
915
915
91
5
915
915

915
915
915

915
915
915
915

862
806
753

702
655
612

574
543
516
4
95
480
469
46
3
463
466
47
3
485
498
514

531
548
566

584
601
616

630
643
654

664
672
678
6
82
684
684
68
1
678
674
668

661
653
645

636
627
619

610
602
594
586

579
572
566

561
556
553

549
545
543
5
41
539
538
53
7
537
537
538

539
540
541

543
545
547

549
551
554

557
560
561

564
566
568
5
70
571
572
57
4
575
576
577

579
580
581

582
583
583

583
584
584
583

583
583
582

581
581
580

579
578
578
5
77
576
575
57
5
575
574
575

577
581
588

599
617
641

671
708
751

800
854
911
9
15
915
915
9
15
915
915
91
5
915
915
915

915
915
915
91
5
915
915
915

915
915
915

915
915
915

915
915
915

915
915
915
9
15
915
915
91
5
915
915
915

915
915
915

915
915
915

915
858
806

758
714
674
6
40
610
586
5
67
553
542
53
7
535
537
541

548
556
567

577
587
598
609

619
628
636

642
648
652

655
656
656
6
55
653
649
6
45
640
635
62
9
622
615
608

602
595
589

583
577
572

567
563
559

557
554
554
5
53
552
551
5
51
551
550
55
0
550
550
551
55
2
555
558
559

561
562
564

566
568
571

572
574
576

577
578
579
5
80
581
582
5
82
584
585
58
6
587
588
588

588
588
588

587
586
586

586
584
583

582
581
580
5
80
579
578
57
7
577
579
582
5
88
597
610
63
0
655
686
724

768
817
870

914
915
915

915
915
915

915
915
915
9
15
915
915
9
15
915
915
91
5
915
915
915

915
915
915

915
915
915

915
915
915

915
915
915
9
15
915
915
915
9
15
915
915
9
15
915
874
82
1
771
724
680

641
607
579

555
537
525

517
514
515

519
526
537
5
49
563
577
5
92
605
619
63
3
644
655
663

670
674
677

678
678
677

674
670
664

658
651
644
636

628
620
612
6
05
598
591
5
85
579
574
56
9
564
560
557

554
552
550

549
549
549

548
549
549

551
552
553
5
55
556
558
55
9
561
563
56
5
567
568
570

571
573
574

576
577
579

580
581
582

583
584
585
585

585
584
583
5
83
582
581
5
81
580
580
57
8
578
579
580

584
591
601

617
638
666

699
738
784

834
888
915
9
15
915
915
91
5
915
915
91
5
915
915
915

915
915
915

915
915
915

915
915
915
915

915
915
915

915
915
915
9
15
915
915
9
15
915
915
91
5
915
915
915

915
915
915

915
854
801

751
704
662

624
591
564
5
43
527
517
51
1
510
512
51
7
525
535
546

560
573
587

600
612
626

636
645
653

659
663
666
667

667
665
662
6
59
654
648
64
1
634
628
62
1
614
607
600

593
587
581

575
570
565

561
558
554

550
548
546
5
44
543
543
54
3
544
545
54
7
549
550
553

555
557
559

562
564
567
568

570
573
575

577
578
580

580
581
582
5
83
583
584
58
4
585
585
58
6
586
586
586

586
586
586

585
585
584

584
583
582

581
581
580
5
80
579
578
57
8
578
578
579

583
590
601

616
638
666

701
742
789
841

896
915
915

915
915
915

915
915
915
9
15
915
915
91
5
915
915
91
5
915
915
915

915
915
915

915
915
915

915
915
915

915
915
915
9
15
915
915
91
5
915
915
915

915
915
915

915
878
825
773

726
683
644

611
582
559

542
530
522

519
519
523
5
30
539
551
56
3
577
590
604

617
629
639

649
657
664

669
673
675

675
674
671

667
661
655
6
49
641
633
62
6
618
611
603

595
589
583

576
571
566
561

557
555

553
551
550
549

549
549
549

551
552
553
5
54
556
557
55
9
561
563
566

568
571
573

575
577
579

581
583
584

585
586
586
5
87
588
589
589

589
589
59
0
591
591
592

591
590
591

590
590
590

589
589
589

589
589
589
589

589
590
592

595
601
609
6
23
642
667
69
7
734
776
823

875
915
915

915
915
915

915
915
915

915
915
915
9
15
915
915
9
15
915
915
91
5
915
915
915

915
915
915
915

915
915
915

915
915
915

915
915
915

915
915
915

915
892
835
7
81
730
682
63
9
600
567
539

517
501
490

484
483
485

492
501
515

529
544
561
5
77
594
610
6
26
641
653
66
4
673
679
684
68
8
688
689
687

684
680
675

669
662
654

646
638
630

621
613
606
5
98
591
585
5
79
574
569
56
5
561
558
556

554
552
551

550
549
548

548
549
549

551
552
554
5
56
558
560
56
1
563
566
56
8
570
572
574
57
6
578
580
581

583
584
585

586
587
588

589
589
589

589
589
589
5
90
590
590
5
90
589
589
58
9
588
588
587

586
586
585

584
583
582

582
582
584

587
592
601
6
14
635
661
69
4
734
780
832
8
87
915
915
91
5
915
915
915

915
915
915

915
915
915

915
915
915

915
915
915
9
15
915
915
9
15
915
915
91
5
915
915
915

915
915
915

915
915
915

915
915
915

915
915
915
9
15
915
915
91
5
881
830
780
7
35
694
657
62
5
598
577
561

549
543
540

541
545
550

558
568
578

588
599
610
6
20
628
637
64
3
648
652
65
5
656
656
654

652
649
644

639
634
628

621
615
608

602
595
589
583

577
572
56
7
563
559
555
5
52
549
547
54
5
544
543
543

543
544
546

547
549
551

553
555
558

559
562
564
5
66
568
570
57
3
575
577
57
8
580
581
583

584
585
586

586
588
588

589
589
588

589
588
587
586

586
585
58
4
583
581
581
5
81
580
580
57
9
579
580
583

588
596
608

625
649
679

715
758
806

858
912
915
9
15
915
915
91
5
915
915
91
5
915
915
915

915
915
915

915
915
915
915

915
915

915
915
915
9
15
915
915
91
5
915
915
915
91
5
915
915
91
5
915
915
915

915
915
915

861
808
757

710
667
629

596
569
548
5
32
521
516
51
5
518
524
53
2
544
557
571

585
600
615

629
642
654

664
672
678
682

685
686
686

685
681
677
6
73
667
660
65
3
646
639
63
1
624
617
609

602
595
589

583
578
573

570
566
564

562
559
559
5
58
557
557
55
7
557
558
558

559
560
561

563
565
568
570

573
577

579
581
583
585

587
589
590

591
592
593
5
94
594
594
59
4
593
592
59
2
591
591
590

588
587
586

584
583
582

580
580
582

585
591
601
6
17
637
664
69
7
736
781
831

885
915
915

915
915
915

915
915
915
915

915
915
915

915
915
915

915
915
915
9
15
915
915
91
5
915
915
91
5
915
915
915

915
915
915

915
915
915

915
915
915

915
915
906
8
46
792
742
69
6
653
616
583

557
536
521

511
505
504

506
513
522
533

546
561
576

591
607
621

635
647
657
6
66
673
679
68
3
685
686
685

682
679
674

669
663
657

650
643
636

628
621
613
6
07
600
593
5
87
582
578
57
3
569
566
563

561
560
559
55
9
559
559

560
561
562

564
566
567
569

571
573
575

578
580
582
5
85
587
590
59
3
595
596
598

600
601
603

604
605
606

607
608
608

608
609
609
6
09
609
609
6
09
608
608
60
7
606
605
604

603
602
601

600
599
598
599

600
603
607

616
629
648

673
705
744

789
840
895
9
15
915
915
91
5
915
915
915

915
915
915

915
915
915

915
915
915

915
915
915
9
15
915
915
9
15
915
915
91
5
915
915
915

915
915
915
915

915
915
915

915
915
915

915
915
915

915
915
890
8
39
791
746
7
05
669
637
61
1
591
576
565

558
555
556

559
565
572

580
590
599

609
619
628
6
36
644
650
6
55
659
662
66
3
663
662
660

658
654
649
644

638
632
626

619
613
607

601
595
591

586
581
577
5
73
569
566
5
63
560
558
55
7
555
554
554

553
553
553

554
554
555

557
559
561

562
564
566
5
68
570
571
57
3
575
577
57
8
579
580
580
58
1
581
580
579

579
578
579

578
577
577

576
574
573

571
569
568
5
67
565
565
5
64
564
565
56
7
572
581
594

612
637
667

703
745
793

845
900
915

915
915
915
9
15
915
915
91
5
915
915
915
9
15
915
915

915
915
915
915

915
915
915

915
915
915

915
915
915

915
915
915
9
15
915
915
91
5
915
915
91
5
915
915
873

820
769
722

679
640
606

578
556
537

525
517
513
5
14
518
524
53
5
546
560
57
5
590
604
619
63
2
645
655
663

670
676
680

682
682
681

678
674
669

663
656
648
6
40
633
625
61
7
610
602
59
5
589
583
578

573
568
565

561
558
556

553
551
549
548

548
547
5
47
547
548
549
5
50
552
553

554
555
557
55
9
560
561
563

564
565
566

567
567
567

568
568
569

569
569
570
5
70
571
571
57
2
574
576
57
8
583
590
602

618
640
668

703
744
790

842
897
915

915
915
915
915

915
915
915
9
15
915
915
91
5
915
915
91
5
915
915
915

915
915
915

915
915
915

915
915
915

915
915
915
9
15
915
915
91
5
915
915
91
5
915
915
915

915
894
838

784
735
689

647
611
579

554
534
519
509

504
504
50
8
514
522
533
54
4
556
569
58
3
596
610
622

632
641
648

654
659
661

662
662
660

657
654
649
6
43
637
631
62
4
617
610
603

596
588
581

574
568
563

558
553
548

545
543
541
5
39
538
537
5
37
537
538
53
9
540
542
544
54
6
549
552
55
5
558
561
563

566
567
570

572
573
575

576
576
577

576
576
576
5
77
577
577
57
7
576
576
576

575
575
576

577
580
587

596
610
630
656

688
726
7
70
818
871
9
15
915
915
91
5
915
915
915
91
5
915
915
91
5
915
915
915

915
915
915

915
915
915

915
915
915

915
915
915
9
15
915
915
91
5
915
915
915

915
915
915

915
915
882

827
775
724
678

636
598
565

538
516
499

488
481
479
4
81
486
494
50
5
518
533
548

565
581
597

612
625
638

649
657
664

670
673
675
6
75
673
670
6
66
661
655
64
8
641
634
626

617
609
601

593
587
580
574

568
563

558
553
550
547

545
543
542

541
542
542
5
42
543
544
54
4
545
546
548

550
551
553

555
558
560

562
565
567

570
572
575
5
77
579
580
5
82
583
584
58
4
585
585
586

586
586
587

587
587
587

586
587
587
586

587
589
591

597
607
621

640
667
698
7
36
779
828
88
0
915
915
915

915
915
915

915
915
915

915
915
915

915
915
915
9
15
915
915
9
15
915
915
91
5
915
915
915

915
915
915

915
915
915

915
915
915

915
915
915
8
79
824
770
719
6
71
626
587
5
53
525
502
48
4
473
466
465

466
473
483

495
510
525

541
558
575

591
607
622
6
35
646
656
6
64
670
673
67
6
676
675
672

669
663
658
650

642
635
627

618
610
602

595
588
581

575
569
564
5
59
554
551
5
47
545
543
54
1
540
539
539

540
540
541

542
543
544

545
546
548

550
551
552
5
54
556
557
55
9
561
564
56
5
567
569
571

572
574
575
576

576
578
579

579
580
580

580
580
579

578
578
577
5
76
576
574
5
73
571
570
56
9
569
569
570

573
578
587

600
619
645

678
717
763

814
870
915
9
15
915
915
91
5
915
915
915
9
15
915
915
91
5
915
915
915

915
915
915

915
915
915

915
915
915

915
915
915
9
15
915
915
9
15
915
915
91
5
915
915
915

915
915
915

915
915
894

841
790
741

696
656
620
5
90
565
544
529
5
19
514
511
5
13
517
525
53
3
544
556

568
580
591

603
612
621
629

636
642
646

648
650
649
6
48
645
642
63
8
633
627
62
1
615
608
602

595
589
582

576
570
565

559
555
551

548
545
543
5
41
541
540
539
5
39
539
540

540
541
543

544
546
548

549
551
554
555

557
559
560

562
564
565

566
567
567
5
67
568
569
56
9
569
569
56
9
570
570
570

571
571
572

574
575
577

578
578
579

581
582
583
5
83
584
584
58
3
583
583
582
58
1
579
577

576
575
574

574
574
576
581

589
601
620

645
676
715

759
809
863
9
14
915
915
91
5
915
915
91
5
915
915
915

915
915
915

915
915
915

915
915
915

915
915
915
9
15
915
915
915
9
15
915
915
91
5
915
915
91
5
915
915
915

915
915
915

915
915
886

832
779
730

685
645
609
5
79
555
535
52
1
512
508
507

511
518
527

539
553
566

580
596
610

623
636
647
656

664
670
674

676
677
676
6
73
669
663
65
7
651
643
63
5
627
620
611

603
595
587

580
573
567

561
556
552

548
545
542
5
41
539
540
53
9
539
540
541

542
542
543

545
547
549

552
555
557

559
562
565
5
66
569
571
572

574
576
577
5
78
578
579
57
9
581
582
58
2
581
582
581

581
580
579

579
578
577

576
576
576

575
574
574
5
73
573
572
57
1
570
569
568

568
570
573

578
587
601

621
647
680

719
764
815
8
68
914
915
915

915
915
915
9
15
915
915
91
5
915
915
915

915
915
915

915
915
915

915
915
915

915
915
915
9
15
915
915
9
15
915
915
91
5
915
915
915

915
915
915

915
915
871

818
766
717

672
631
595
5
66
540
521
5
07
498
494
493
4
97
504
514
52
6
539
553
568

582
597
610

623
636
645

653
660
665

668
669
669
6
68
665
661
6
57
652
647
64
1
634
627
620

613
606
600

593
586
580
575

570
565

561
557
555
553

551
549
54
9
548
548
548
5
49
549
550
55
0
551
552
554

555
557
558

560
562
564

565
567
568

569
571
571
5
72
573
574
5
74
575
576
57
6
577
577
577

577
577
578

578
578
578

579
578
579

579
578
578
5
77
577
577
577
5
76
576
574
5
73
572
571
57
1
570
569
568

568
567
566

567
568
570

575
584
596

615
639
671
7
09
754
804
8
58
912
915
91
5
915
915
915

915
915
915

915
915
915
915

915
915

915
915
915
915

915
915
915
9
15
915
915
9
15
915
915
91
5
915
915
915

915
915
915

915
915
915

915
915
915

901
847
796
7
47
702
661
62
4
593
568
54
7
532
522
515

514
516
521

528
538
550

562
575
588
601

614
627
637

647
655
661
6
65
668
669
6
70
668
666
66
2
657
652
646

639
632
625

617
610
602

595
588
582

576
571
566
5
62
558
554
55
2
549
547
54
5
545
544
544

545
546
547
549

550
552
554

555
557
559

561
562
565

566
569
571
5
73
575
577
5
79
580
582
58
3
584
586
587

586
586
585

585
586
586

585
585
584

584
583
582
5
82
581
581
58
0
580
579
57
8
577
577
576
57
6
576
575
575

576
578
582

589
599
614

636
663
696

735
779
827
8
79
915
915
91
5
915
915
91
5
915
915
915

915
915
915

915
915
915

915
915
915

915
915
915
9
15
915
915
91
5
915
915
915
9
15
915
915
91
5
915
915
915

915
915
897

842
789
738

691
648
609

574
546
524
5
05
492
485
48
1
482
487
49
5
507
520
536

552
569
587

603
619
635

649
660
671

679
686
690
692

692
691
68
8
684
679
672

665
656
648
63
9
631
624
615

608
600
593

587
581
576

571
567
563

560
557
555
5
53
551
549
54
9
549
548
54
8
549
550
550

552
554
555

557
559
561

563
565
567

569
572
573
5
75
575
577
57
8
579
581
582
58
3
583
584
58
5
586
587
588

588
587
587

586
586
585

584
584
583

583
583
585
5
88
593
602
61
5
634
658
690

727
769
817

867
914
915

915
915
915

915
915
915

915
915
915
9
15
915
915
915
9
15
915
915
91
5
915
915
91
5
915
915
915

915
915
915

915
915
915

915
915
915

915
915
915
9
15
915
890
83
7
785
736
691

648
611
578

551
529
512

500
493
491

493
498
507
5
17
529
543
558

572
587
601
6
15
628
639
64
9
657
664
66
9
672
673
674

672
670
666

661
655
649

643
635
628

620
613
606
5
98
591
585
57
9
573
568
563

558
554
551

548
545
543

542
540
539

539
539
540
5
41
542
543
5
43
544
545
546
5
47
548
549
55
0
552
553
555

557
558
560

561
562
564

565
567
568

570
571
571

571
572
572
5
73
573
574
57
5
575
576
576

576
576
576

576
576
576

577
578
580

584
592
603
6
19
641
670
7
05
746
792
84
3
897
915
915

915
915
915
915

915
915
915

915
915
915

915
915
915

915
915
915
9
15
915
915
9
15
915
915
91
5
915
915
915

915
915
915

915
915
915

915
915
915

915
894
841
789

740
694
653

616
583
557
5
35
519
507
50
1
500
502
508

518
529
543

558
574
590

606
621
635

648
659
668
6
76
681
685
6
86
686
686
68
4
681
676
671

664
658
651

643
635
626
619

610
603

596
588
582
5
76
571
566
562
5
59
556
554
5
53
552
551
55
0
551
551
552

553
555
557

559
561
563

565
566
568

569
571
572
5
74
575
576
5
78
579
581
58
2
583
584
585

585
585
585

585
584
583

582
582
581

581
580
579
579

579
579
582
5
88
596
609
6
27
651
680
71
6
758
804
853

905
915
915

915
915
915

915
915
915

915
915
915
9
15
915
915
91
5
915
915
91
5
915
915
915

915
915
915
915

915
915

915
915
915
915

915
915
915

915
915
883
8
30
777
727
6
80
638
599
56
5
537
514
497

484
477
475

477
482
491

502
516
531

548
565
582
5
99
616
631
64
5
656
666
67
5
681
685
687

687
686
684

680
675
669

661
654
646
638

630
622
614

606
599
592
5
86
580
575
5
70
566
562
56
0
557
555
553

552
551
550

551
551
552

552
553
554

555
556
558
5
59
562
564
56
6
568
57