13
79
476
473
471
470
468
466
465
465
464
463
462
461
460
460
460
460
460
46
508
503
498
495
490
486
482
479
476
473
471
470
468
466
465
465
464
463
462
461
460
460
460
460
460
46
396
392
389
3
87
386
384
38
4
383
384
385

386
388
391

393
396
399

402
406
420

435
449
463
4
76
489
500
5
11
520
527
53
5
540
544
548
54
9
549
548

546
544
541
537

532
527

523
516
510
504

498
493
487

482
477
473
4
69
465
461
45
8
455
452
451

450
448
447

447
448
448

448
448
450

451
452
454
4
55
457
458
4
60
461
463
465
4
67
468
470
47
1
472
474
474

475
475
475

478
481
486

494
505
520

541
564
592
6
23
657
692
7
27
763
797
83
1
863
890
912

913
913
913

913
913
913

913
913
913

913
907
882
8
55
828
799
769

738
707
677
6
49
621
593
56
8
546
526
507

491
477

463
451
441
431

424
418
412

407
404
403
4
01
400
400
4
03
405
408
41
2
417
423
430

438
448
458

467
476
485

494
504
512

520
528
533
5
38
542
545
547

548
548
54
7
547
544
541
53
7
533
529
524

520
515
510

505
500
495

489
485
481

476
473
468
4
66
463
460
4
59
458
457
45
6
456
455
454

454
454
454

454
454
454

454
454
456

457
460
463
4
67
472
478
48
8
499
514
533
5
55
581
609

639
671
705
737

770
801
830

856
877
894

907
913
913

913
913
903
8
89
872
852
83
0
806
779
752
7
24
696
669

642
616
592

569
547
527

510
492
477

463
451
441
431

423
415
40
9
403
398
394
3
91
390
389
38
9
391
394
400

406
412
420

427
436
445

454
463
473

482
492
502
5
10
518
524
53
0
534
537
53
9
540
540
541

539
536
533

529
526
520

515
511
507

502
497
492
4
88
483
478
475
4
71
468
465
4
62
458
456
45
4
453
451
450

450
450
450

450
451
451

451
452
452

453
454
455
4
55
457
459
46
1
464
469
47
6
487
501
518

540
565
594

626
661
696

731
766
800

832
861
887
9
09
913
913
913
9
13
913
913
91
3
913
913
89
1
870
845
818

792
763
735

707
678
651

625
600
576

555
536
517
5
00
485
472
46
0
448
438
42
9
422
416
410

407
403
400

397
396
395
395

397
400

403
407
412
418

425
432
439
4
47
456
464
47
2
481
489
49
5
502
508
513

518
522
526

528
530
531

530
528
527

525
522
517
5
13
509
504
49
9
495
491
487

482
477
473

470
467
464
461

460
459

458
457
456
455

455
456
456

456
456
457
4
59
460
461
46
1
462
463
46
4
465
466
466

467
468
471

474
479
488

498
512
528

550
576
605
6
37
670
704
74
0
774
807
839

868
894
912

913
913
913

913
913
913
913

913
913
890

867
842
815

787
758
729
7
00
672
644
61
8
593
569
546

526
508
492

477
463
451

441
434
427

420
415
411

408
405
402
4
01
401
401
40
3
406
410
415

419
425
431

437
444
452
460

468
477
486

493
499
5
05
512
518
522

525
528
530
5
31
532
532
53
1
528
526
523

521
517
512

508
503
498

493
487
482

477
472
468
4
64
462
460
4
57
456
454
45
4
454
452
451
45
2
452
453

454
454
456

456
456
457
458

458
458
459

460
461
462

464
465
467
4
69
471
472
47
3
475
476
476

478
478
478

479
481
481

482
482
484

483
484
483
4
84
484
485
4
85
485
485
48
3
483
483
483

482
483
484

486
489
498
509

526
547
572

601
633
668

704
740
776
8
11
844
874
9
01
913
913
91
3
913
913
913

913
913
913

913
913
913

890
864
836

806
777
747
7
17
688
661
634

610
587
56
6
546
530
515

501
490
479
470

462
456
452

449
447
445

445
445
444

445
447
450
4
55
459
464
4
68
474
481
48
7
493
500
507

514
520
526

532
537
540

543
545
546

548
547
548
5
47
547
544
54
2
540
537
533
5
30
526
523
51
9
516
514
510

506
504
501

498
496
494

492
491
489

488
487
485
4
83
483
482
4
81
480
479
47
8
477
476
475

475
475
476

476
476
476

477
479
479

480
481
482
4
82
483
484
485
4
87
489
491
4
96
504
514

527
544
565
589

617
647

679
712
747
781

813
844
873

898
913
913
9
13
913
913
91
3
913
913
91
3
913
900
877

853
826
798

770
741
711

682
654
627

601
576
554
5
34
514
497
48
2
469
457
44
6
438
430
423
41
8
414
412
408

407
406
406

406
409
411

415
418
423

428
434
440
4
47
454
461
46
8
476
484
49
1
498
505
511

516
520
525

529
531
533

533
534
534

532
530
529
5
27
524
521
51
8
514
510
505
5
00
496
492

487
483
479
475

471
467
463

460
457
455

454
453
452

451
450
450
4
49
451
451
45
2
453
454
45
5
457
459
460

462
465
467

469
470
472

475
476
478

480
481
483
4
84
486
487
48
8
489
489
490
49
0
490
490
49
1
491
491
491

491
492
492
491

491
491

492
494
498

506
515
527
5
44
566
591
61
9
651
683
71
6
751
782
814

844
871
894

911
913
913

913
913
913
913

913
906
8
87
865
841
81
6
787
759
730
70
1
672
644
61
7
592
569
546

526
508
492

478
465
455

446
439
433

427
422
417
4
15
413
411
41
0
410
411
412

414
416
419

423
429
434
439

445
452
459

467
475
4
85
493
501
509

516
524
53
1
535
539
542
54
5
547
548
54
8
547
545
542

539
535
530

526
522
517

512
507
502

498
493
487
4
83
479
477
47
4
471
469
467

465
463
461

460
460
459

459
459
460

461
462
463
4
64
465
466
466

466
467
46
8
469
470
470
47
1
473
474
474

475
476
479

482
487
493

503
515
531

551
575
602

632
662
695
7
29
763
796
82
8
857
883
905

913
913
913

913
913
913

913
913
913

896
875
851
826

798
770
741

711
681
652
6
23
595
569
54
5
523
502
483

464
449
435

422
411
401

394
388
382

379
379
379
3
79
381
386
3
91
396
405
41
3
423
433
444

454
465
477

488
498
509

518
528
535

542
547
552
555

557
558
559

559
557
555
5
52
549
545
54
1
536
530
525

521
516
511

507
503
499

495
492
487

485
481
478
4
76
473
471
4
70
468
466
46
3
462
461
459

458
457
456

456
456
457

458
459
462
468

478
491
507

528
555
584
6
16
651
688
7
25
761
796
82
9
859
886
909

913
913
913

913
913
913

913
913
913

909
887
864
8
40
815
789
7
62
734
707
67
9
653
628
604

583
563
544

528
514
500

488
476
466

458
450
444
438

433
428
424
4
22
420
419
4
19
419
421
42
2
426
429
431

435
440
446

453
458
465

472
478
485

491
496
502
5
05
509
512
51
3
516
516
51
6
515
514
512

510
508
506
504

500
496

492
489
485
482

479
475
471

467
465
461
4
58
455
454
4
52
450
448
44
8
447
446
445

444
444
444

444
446
449

455
461
472

485
501
522
5
48
576
607
64
0
674
708
740
7
72
800
827
85
0
869
885
896

901
902
900

894
883
869

851
832
810

786
761
736
7
09
683
657
6
33
608
585
56
4
545
527
509

493
480
466

456
445
437

430
423
417

412
407
404
4
03
402
401
401
4
03
405
40
8
411
415
420

425
432
438

446
453
462
470

479
486
493

500
507
512

518
523
525
5
27
529
529
52
9
529
527
52
4
521
518
514

509
504
499

494
488
483

478
474
470

467
464
461
4
59
456
457
45
5
454
454
454

454
455
455

458
460
461

463
465
466
467

468
471
473

474
476
477

479
480
480
4
81
482
482
48
2
482
482
48
1
482
483
486

491
500
510

525
544
566

592
622
654

686
720
753
7
86
816
844
86
8
888
904
913

913
913
913
91
2
897
882

864
842
819
795

768
741
713

686
659
631

604
579
557
5
36
517
500
48
5
471
460
45
0
441
434
429

424
420
416

415
414
414

414
415
417

420
423
427
4
32
438
445
45
1
459
467
475

482
490
498
50
5
513
520
527

532
538
541

544
546
548

548
547
547

545
543
540
5
36
532
527
52
2
518
513
508

503
498
494

489
485
482

478
475
473

471
469
467
4
66
465
464
4
63
463
464
46
4
464
464
466
46
7
468
468
46
9
470
471
472

473
474
475

476
478
481

486
493
502

514
530
550
5
73
600
630
66
2
694
727
760

791
820
847
87
1
891
906

913
913
913

913
913
902
8
87
869
849
826

800
774
747
7
18
689
661
63
4
607
581
55
7
535
514
496

480
465
452

440
432
422

414
407
403

399
396
393
3
92
393
394
39
5
398
402
406

412
419
426

434
442
450

458
468
476

485
492
500
5
07
513
519
5
25
530
534
53
8
540
541
541

540
538
536
532

528
525
521

517
512
508

504
499
494

489
485
481
4
77
474
472
4
70
466
464
46
3
462
461
460

459
458
457

457
457
457

458
459
460

460
461
462
4
63
465
465
466

467
469
472
4
77
484
493
50
6
523
543
567

595
626
658

692
728
762

795
827
857

883
905
913
9
13
913
913
9
13
913
913
91
3
913
891
868

845
819
792

763
734
705

676
649
623
598

574
552
5
32
513
496
482

468
456
44
5
437
429
422
41
7
413
409
406

404
403
402

404
405
407

410
413
416

421
427
433
4
40
447
454
4
62
470
477
48
3
490
496
500

505
509
511

513
514
515

514
514
513

513
512
511
509

506
504
501
4
97
494
491
4
88
485
481
47
9
476
474
471

468
465
463

461
460
460

458
457
456

455
454
453
4
53
453
453
45
4
455
455
45
5
456
456
456

457
459
460

462
463
464

464
464
465
465

466
467
469

470
471
472
4
72
473
473
4
73
475
476
47
4
474
474
473

474
473
473

473
473
474

475
476
480

486
496
510
5
30
554
584
61
6
651
688
72
6
763
800
834

865
893
913

913
913
913

913
913
913
913

913
913
913

913
894
868
8
40
812
781
7
50
720
688
65
9
630
601
575

551
530
511

493
478
464

453
444
436

429
423
418
4
14
412
409
40
7
406
406
40
8
410
412
416

419
424
429

435
441
448

456
463
470
477

486
492
499

505
511
516
5
22
527
532
53
4
536
538
53
8
539
538
536

534
530
527

523
519
515

510
507
502

498
494
490
4
86
482
478
47
5
472
470
46
8
465
463
462

460
460
460
460

460
461
461

461
462
462

462
463
465

466
467
468
4
70
471
472
47
4
475
476
47
6
477
477
476

475
474
473

473
473
474

474
475
477

480
485
492
5
04
519
537
56
1
588
618
652

686
720
754
78
5
816
844
869

889
905
913

913
913
913

913
913
897

880
859
837
8
12
784
756
72
7
697
669
63
9
612
585
560

537
515
495

476
459
445

432
421
411
402

396
391
3
86
383
381
38
1
381
383
386

389
395
400
40
7
414
421
429

438
446

455
465
475
485

494
502
511

518
525
531
5
35
540
542
54
3
543
543
542

540
538
535

532
528
523

517
513
507

501
495
490

485
479
475
4
72
468
465
46
1
460
458
457

456
455
454

455
454
454
454

455
455
456

457
457
458

459
459
460

460
461
463
4
63
464
466
46
9
472
478
486

498
514
534

559
587
618

652
686
722

756
789
821
8
50
877
900
9
13
913
913
913
9
13
913
913

913
911
888
86
6
841
815
787

760
731
702

673
645
620

594
569
547

527
507
491
4
76
464
452
44
2
434
427
421

416
412
409

407
405
405

405
406
407

409
412
415
4
20
425
430
4
36
444
450
45
7
465
472
478
48
5
491
497
502

507
511
514

516
518
519

520
520
519

517
516
513
5
11
507
504
5
00
497
494
49
1
487
483
481

478
474
472

470
468
467

466
467
468

468
468
469
4
70
470
472
4
72
473
475
47
6
477
478
479
48
1
483
486
490

498
507
521

537
558
581

609
639
672

704
738
772
8
04
836
864
8
89
909
913
91
3
913
913
913

913
913
913

902
880
856

832
804
776

748
718
689
6
60
632
604
577

553
531
511
4
92
475
460

449
438
428
420

414
408
404

400
398
397

396
395
396

398
400
403
4
07
412
417
4
24
431
438
44
6
454
462
470

478
486
495

503
509
515

520
525
529

532
534
535
535

534
532
530
5
27
523
519
5
15
509
504
49
9
494
488
482

478
472
467

463
459
455

451
448
446

445
443
441
4
40
440
440
4
40
440
441
44
2
443
444
445

447
448
449

450
451
453

454
455
456

458
459
460
460

461
461
463
4
63
464
465
4
67
471
477
48
5
496
511
529

552
580
610

644
680
715

752
788
822

853
882
908
9
13
913
913
91
3
913
913
91
3
913
913
913

901
876
850

822
793
764

733
702
672

642
614
587
562

540
520
502
4
86
471
459

448
438
430
42
3
417
412
408

406
404
403

403
404
406

408
411
415

420
425
431
4
38
445
453
46
0
468
478
486
4
94
502
509

515
521
527

532
536
538

539
539
539

536
534
532
528

524
519
513
5
08
504
500
49
5
490
487
48
2
479
474
470

466
463
460

458
455
453

452
451
450

449
449
449
4
49
449
450
45
0
451
452
45
3
454
455
456

458
459
460

461
462
464

465
466
467
469

470
472
4
74
476
477
478
4
79
479
480
48
2
482
483
48
3
485
486
486

486
486
486

485
485
485

484
483
483

483
482
483
4
83
484
487
49
3
501
513
529

550
573
601

632
667
703

739
776
812
845

876
903
913

913
913
9
13
913
913
913
9
13
913
913
91
3
892
865
83
5
805
774
741

708
676
645

616
587
560

536
514
494

475
458
445
4
32
423
415
40
8
402
398
395

394
392
392

393
393
395
398

402
406

411
416
422
428

433
440
447

453
459
466
4
74
480
487
49
3
500
505
51
0
514
518
521

522
523
523

523
522
521

518
516
513

509
504
500
4
96
492
488
48
3
480
476
473

469
467
464

460
457
455

453
451
449
448

446
445
445

445
443
443

444
444
444
4
45
446
447
44
8
449
450
451

451
452
452

453
454
455

456
459
459

460
461
462
4
63
463
464
4
65
465
466
46
7
467
467
468
46
8
468
469

469
470
470
470

470
470
470

470
471
474

478
484
493

506
521
540
5
64
590
619
64
9
682
715
746

777
805
830

852
871
885

894
899
901

898
890
878
8
64
846
825
8
03
779
753
72
6
700
673
646

621
596
573
551

530
512
494

478
464
452

441
432
423

416
411
406
4
02
400
399
4
01
403
406
41
0
414
421
428

437
447
457

469
480
492

505
518
532

544
556
567
5
76
584
592
5
99
602
604
605
6
04
601
598
59
4
587
580
572

563
554
545

536
526
517

507
498
490

481
473
466
4
59
453
448
4
44
440
438
43
7
435
436
435

436
437
438

440
442
444

445
447
449

452
454
456
4
59
460
462
46
3
465
466
46
8
470
471
472

474
476
481
488

497
508

524
543
566
592

621
652
685

718
750
781
8
11
838
861
8
81
896
907
91
2
913
913
904

893
879
861

841
819
794

767
738
709

681
652
622
5
94
568
543
51
9
497
477
45
9
442
429
416
40
5
395
386
379

375
371
369

368
368
370

373
377
381

387
393
401
4
09
417
427
4
37
447
457
46
7
478
488
496

505
513
520

527
532
536

540
543
544

545
544
543
5
41
538
534
53
0
527
524
519
5
14
509
503
49
7
492
487
483

479
474
470

466
464
462

460
458
457

457
457
456
4
56
456
456
45
6
456
457
45
7
458
458
458

458
459
460
461

462
465
469

475
484
496

512
530
5
52
578
607
638
6
70
703
735
7
68
797
824
84
8
868
883
894

899
899
895

887
875
859

840
818
794

768
742
714
6
85
657
629
60
2
576
551
52
9
509
489
472

456
444
433

424
417
411
407

404
401

400
400
401
4
02
405
408
41
2
417
421
427
43
3
441
449
45
7
465
473
481

489
497
505

512
519
525

529
533
536

539
541
542
5
42
543
542
53
9
537
534
53
0
527
523
519
51
4
510
506

502
498
495
491

488
484

480
476
474
472

469
468
466
4
65
464
463
46
2
461
461
46
0
459
457
457

457
459
461

465
471
480

491
507
525

547
573
602
6
32
664
695
72
6
756
784
810

833
853
868

879
886
888

886
879
868
854

837
816

794
769
745
717

690
662
63
4
608
583
557
53
4
513
493
47
4
457
442
429

418
408
400

393
387
384

381
380
380

381
382
384
3
89
394
400
40
7
414
424
433

442
451
460

469
479
487
495

503
509
516

521
526
5
29
533
534
536

536
536
536
5
36
534
532
53
0
527
523
51
9
514
510
506

502
499
496

491
488
485

481
477
475

473
472
470
4
69
468
468
46
7
467
466
466

465
466
465

465
464
465
466

466
468
473

479
489
503

520
541
565

594
626
659
6
94
730
764
79
7
828
855
880

900
913
913

913
913
913

913
906
890

871
850
825
8
00
772
743
7
15
685
657
63
0
603
577
553

531
511
494

478
464
451

441
432
425
419

414
411
407

405
404
403

402
402
404
4
06
408
412
41
7
423
428
436

443
451
459

466
476
484

491
499
508

514
521
527
5
34
538
542
5
45
547
548
54
9
548
547
544

542
539
536

532
528
523
518

514
509

505
500
496
492

487
482
478

473
469
464
4
61
457
454
45
1
448
447
445

444
443
444

445
448
455

464
477
494

515
540
568
6
00
633
668
7
03
737
769
79
9
826
848
867

881
890
894

893
889
879
866

849
829
806

781
756
728

700
673
645
6
18
592
568
5
43
522
503
48
6
470
455
444

434
424
415

409
404
400

397
395
394

393
393
394
3
96
399
402
40
6
410
416
42
2
430
437
444

451
459
466

474
482
490
498

504
510
516

520
523
525

526
526
526
5
27
526
525
5
23
521
519
51
5
510
507
503

499
495
491

486
482
477

473
470
466

463
460
457
4
55
454
452
45
0
448
447
44
7
447
446
448
45
1
456
463
473

486
503
524

548
575
605

636
669
702

733
763
792
8
17
838
854
8
68
876
880
87
9
874
865
851

836
816
793

768
743
716

688
660
633

607
582
559
5
38
518
500
48
3
468
453
44
0
429
421
412
40
5
399
394
390

388
387
386

387
390
392

397
401
406

412
419
426
4
34
442
450
45
9
467
476
48
4
492
499
506

511
516
521

525
527
529

529
529
527

527
525
523
520

516
513
50
9
505
501
49
6
492
487
483
48
0
475
471
467

464
460
457

454
452
449

446
446
445

444
444
444
4
45
446
448
44
9
450
451
45
2
454
455
457

457
459
460

462
464
465

466
467
467
468

471
474
4
78
483
492
50
4
519
539
562
59
0
621
655
68
9
725
760
793

825
854
879

899
912
913

913
913
913

913
910
891
8
72
849
825
79
9
770
741
71
0
680
651
623

595
570
546

524
504
486

470
455
443

432
424
417
4
11
406
402
400
3
97
396
396
39
8
400
401
40
5
409
413
417

423
429
436

443
451
458

465
474
482

489
496
503
5
09
514
518
52
2
526
528
528

528
527
525

521
518
514

510
504
499

494
489
483

479
475
472
4
69
467
465
462
4
60
460
459
45
7
457
457
45
8
457
457
457

458
458
458

459
459
459

458
458
458

458
458
458
4
58
459
459
46
1
461
462
463

464
466
467

468
470
472

472
473
474
475

476
477
4
78
478
479
4
79
479
478
478
4
77
477
476
47
7
476
477
47
9
484
492
503

519
539
563

590
621
655

690
725
762

797
829
859
8
84
907
913
91
3
913
913
913

913
913
913

900
879
857

830
801
773

744
714
684
6
55
628
601
577

555
534
516
5
00
486
475
46
5
457
450
445

441
438
436

434
433
435

436
438
441

446
452
457
4
63
469
477
4
85
492
499
50
6
513
520
526

532
537
542

545
547
548

548
547
546

544
543
540
535

530
526
522

515
510
504
4
99
493
487
48
2
477
474
470

466
462
460

458
457
454

453
451
451

450
450
451
4
51
452
452
4
54
456
457
45
8
460
461
462

463
465
466
466

467
468
471

472
474

477
481
488
497

509
523
542

564
589
618
6
48
681
714
74
6
778
808
836

860
880
897

908
912
913

911
903
890

874
856
833
8
08
782
755
7
27
697
668
63
9
611
584
559

537
515
495

477
462
448

436
426
417
411

405
401
398

394
393
392
3
92
393
395
3
96
399
401
40
5
409
415
420

427
434
441

449
458
467

475
483
492

500
506
513
5
19
524
528
5
32
535
536
53
7
537
535
532

529
526
521
516

510
505
499

493
487
483

477
472
468

464
461
458
4
55
453
451
4
49
447
447
44
6
445
446
447

447
447
447

448
449
450

451
453
453

455
456
458
4
58
460
461
46
3
466
471
47
7
487
500
517

539
564
592

623
656
690

725
759
790
820

846
870
889

901
910
913
9
13
907
898
8
84
867
846
82
2
796
768
739

710
680
651

622
595
569

543
520
500

482
465
449
4
36
426
416
40
7
401
395
39
0
386
385
384

384
384
386

389
392
395
399

403
408
413

418
424
432

439
446
455
4
62
470
477
48
4
490
496
50
2
507
510
513

516
517
519

519
518
517

516
514
512

508
505
502
4
97
494
491
48
6
481
477
47
3
470
465
463
45
9
457
455
453

451
449
447

447
446
446

446
447
447

447
449
450
4
51
452
454
45
5
457
458
45
9
460
461
462

464
464
465

466
468
468

468
467
467

467
467
467
4
67
467
468
46
9
472
476
482

492
506
524
54
5
571
601

633
668
703
738

771
803
832

859
881
900

912
913
914
9
14
913
911
89
4
876
856
83
3
807
779
751

722
692
662

633
604
577

552
528
505

485
467
450
4
36
423
412
40
3
395
389
385
38
3
381
380

380
381
382
386

390
394
399

405
412
418

425
433
441

449
457
465
4
72
479
486
49
3
500
506
511

516
520
523

524
525
526

526
525
525

524
522
520

517
514
511
5
06
501
497
493
4
89
484
480
47
6
472
469
46
6
464
460
457

456
454
454

454
453
453

453
452
451

452
452
452
4
53
455
457
45
9
461
463
464

466
467
468

469
471
472
472

472
473

473
473
474
475

475
476
4
76
476
476
47
6
476
476
477
47
6
476
476
47
5
474
474
474

475
475
475

476
476
475

475
474
475

476
477
479
4
82
485
490
49
8
511
526
544

568
595
625

659
693
728

762
794
823

851
873
893
9
08
913
913
9
13
913
913
901
8
87
869
849
82
5
800
772
744

714
686
655

625
596
569

543
519
496

477
458
442
4
27
414
404
3
95
388
383
37
8
375
375
375

375
378
382

387
392
398

407
414
422

431
441
453
4
63
474
484
4
94
503
512
519
5
26
533
539
54
4
548
551
552

553
553
552

549
548
544

539
534
530

526
521
516
5
10
504
499
4
94
488
484
47
9
475
471
466

463
461
459
45
7
456
455

454
454
453

453
452
454
455

456
455
457

458
459
459
4
61
461
462
46
4
465
466
467

468
468
468

470
470
471

474
480
487

497
512
531
5
54
581
612
6
47
682
718
75
3
787
818
847

872
892
909

913
913
913
913

913
913
904

887
867
8
46
821
795
768
7
40
710
681
6
53
624
597
57
3
549
528
508

490
474
459

447
437
429

420
414
410

406
402
400
4
00
400
400
4
02
405
407
41
0
413
418
423

429
435
443
450

458
464

472
479
486

493
500
507
513

519
523
527
5
30
532
533
5
34
533
533
53
1
529
527
524

522
518
514

510
506
503

498
494
491

487
483
480
4
77
473
471
46
9
466
465
46
3
462
461
461

461
460
459
458

458
458

459
459
458
458

458
459
461

462
464
468
4
74
483
495
5
12
532
556
58
3
614
647
680

714
746
777

806
832
855

874
887
897

903
904
900
8
94
882
868
85
1
830
808
78
3
757
730
701

671
644
617

593
568
544

523
505
488
472

458
446
436

427
419
413
4
07
403
400
39
9
398
397
39
8
398
401
404

407
412
417

423
430
436

443
450
459

466
474
481
4
89
497
503
50
9
514
520
52
4
528
531
533

534
534
534
532

531
529
526

523
521
517

513
509
504

499
495
489
4
84
481
476
47
3
469
467
46
4
462
459
457

456
455
454

454
455
456

456
457
457

457
457
458
4
60
461
461
46
2
463
464
465

466
468
469
47
0
472
474
474

474
474
475

475
475
476

475
476
476

478
480
484
4
91
502
515
53
2
555
582
61
2
645
679
714

749
783
815

844
869
890

908
913
913

914
914
914
914

906
889
870
8
48
824
798

772
743
714
68
4
655
627
599

574
550
527

507
489
473

459
446
436

426
420
413
4
09
406
403
40
1
401
401
40
2
403
405
408

411
415
420

425
432
439

446
453
461

468
476
484
4
92
500
506
51
3
519
524
529

532
536
538
53
9
539
539
538

537
535
532

528
525
521

516
512
507

503
498
493
4
89
485
482
47
9
475
472
469

467
465
463

462
461
459
459

458
457

457
457
458
4
57
457
459
4
60
461
463
46
5
465
466
467
46
9
470
470
47
1
472
474
475

477
478
480

481
482
483

484
484
485

485
484
485
4
85
485
485
48
8
493
499
509

523
542
564

589
618
649

681
715
748
779

810
837
8
62
881
898
9
09
913
913
91
3
913
900
884
86
7
847
824
799

772
745
716

689
661
633

607
582
558

536
515
496

480
464
450
4
39
429
421
41
3
408
404
401

399
398
398

399
403
406

411
417
423

430
437
445
4
53
462
472
4
82
491
500
508
5
17
525
533
54
0
546
550
554

557
558
558

557
555
552

549
545
541

535
530
524
5
18
511
506
5
01
495
490
48
4
480
476
473

469
466
464

461
459
457

456
456
456

456
456
457
4
59
459
460
461

462
462
46
2
463
466
466
46
7
468
471
473

477
482
491

502
518
536

558
584
612

643
675
709
7
41
773
803
8
32
856
877
89
3
906
912
913

912
904
893

879
861
841

818
795
769
742

715
688
661

634
609
58
6
563
542
524
5
07
492
479
46
7
456
448
442

435
429
426

422
419
418

416
415
416

416
418
420
4
23
426
430
4
35
441
446
45
2
459
465
472

479
487
493

500
507
512

517
522
526

530
532
533
5
34
534
533
531
5
29
526
523
5
19
515
511
50
6
501
497
492

486
482
478

474
469
465

463
460
457

455
454
452
4
51
451
451
45
1
451
451
45
2
453
453
454

456
456
458
461

465
470

478
488
501

517
539
563
590

621
654
687
7
20
752
783
8
13
838
860
87
8
891
899
904

903
897
887

874
857
836

814
790
764

739
713
685
6
59
633
607
58
4
561
540
52
1
503
487
472

460
449
440

432
425
419
413

409
406
404

402
402
4
01
403
404
406
4
08
411
415
4
19
425
431
43
8
445
452
459

466
474
482

490
497
503

509
513
518

522
525
527
5
28
529
530
53
0
528
528
52
6
523
520
517

514
510
506

502
499
495
492

489
486
483

480
477
474

472
469
467
4
65
464
463
46
1
460
460
45
8
458
457
457

457
456
456

456
458
458

458
459
460

460
460
460
4
60
460
461
46
1
462
464
466

470
474
480

489
502
519

538
561
588
618

651
685
719

753
786
815

842
865
883
8
97
906
910
90
9
903
893
87
9
862
842
819

794
768
741

714
687
660

634
610
588

566
548
530
5
15
502
490
48
0
470
463
457
45
1
446
443
44
0
438
436

436
436
437

438
439
441
444

447
451
456

460
465
471
4
77
484
490
49
6
503
509
51
4
521
525
529

532
534
535

535
535
533

530
527
525

520
516
512
5
06
501
497
49
3
489
484
478

474
470
465
46
1
457
454

451
448
445
442

438
435
433

434
435
437

440
443
448
4
52
457
461
46
5
468
473
477

481
485
489

492
495
497

499
501
501

501
499
497
4
94
490
486
4
81
476
472
46
9
466
462
461

460
459
459
45
8
459
460
460

461
463
466

470
475
484

495
511
530

552
579
610
6
43
677
712
74
7
782
813
841

867
888
904

913
913
913

913
913
901

885
866
845
8
21
796
768
7
40
712
684
65
6
629
603
578
55
7
536
517

500
485
472
460

450
442
436

430
425
419

417
414
411

411
410
410
4
10
412
414
41
7
421
424
429

435
440
446

453
458
466

473
479
487

495
502
507
5
12
517
521
5
24
526
526
527
5
26
525
522

519
515
511
507

502
498
492

486
481
475

471
467
464

461
457
455
4
52
451
449
4
48
448
447
44
6
447
447
447

448
450
451

452
454
454

455
456
457

458
459
460
4
61
462
463
4
64
465
466
46
5
466
467
468
46
8
469
470
471

472
472
474

474
475
477

478
478
479

481
481
482
4
82
482
482
4
82
481
481
48
0
480
480
481

483
486
492

500
511
525

543
565
591

619
651
684
7
18
751
783
81
4
841
865
88
6
901
911
913
91
4
913
903
891

874
854
830

805
778
749

719
688
658

628
600
572
5
46
522
501
4
81
463
447
43
5
425
416
408

403
398
394

392
391
391

392
393
395

398
401
406
4
10
413
419
425
4
30
437
443
4
50
457
464
47
2
479
486
493

499
504
511

515
519
523

525
527
527

528
527
526
5
24
521
518
51
4
510
506
50
2
498
493
488

485
480
476

473
470
466

465
463
461

459
458
455
4
55
453
452
451
4
51
451
45
2
452
452
453
45
4
455
455
456

457
458
459

460
461
462

463
464
465

465
466
467
4
68
467
468
46
9
470
470
47
0
471
472
473

474
475
476

477
478
479

479
479
481

481
482
482
4
82
482
482
482
4
83
482
484
4
87
491
498
50
6
517
532
551

574
599
626

656
686
716

747
776
802

825
846
864
8
77
886
891
89
1
887
879
86
8
853
835
814

791
766
739

713
684
657

629
603
577
553

530
510
491

474
458
44
5
433
423
413
40
7
400
395
39
2
391
390
390

391
393
397

399
403
409

414
420
428

436
444
452
4
61
471
480
48
9
497
504
511

518
524
530

534
537
540

540
541
541

540
538
536
533

530
526
523

518
514
510
5
06
501
496
49
2
487
483
47
9
476
473
470

468
467
465

463
463
462

462
462
461

460
460
460
4
60
460
460
46
2
462
463
465

465
465
465

466
467
467
467

467
468
467

469
470
471

471
472
472

472
472
473
4
74
474
475
47
6
477
477
47
7
478
479
480

482
485
490

498
510
524

542
564
589

618
648
680
7
12
746
776
80
4
831
853
873

888
899
904

906
902
895
884

869
852
831

808
782
755

727
699
670

642
615
588
5
64
541
519
49
9
481
466
452

440
430
421

415
409
405

403
402
402

404
408
412
4
19
426
434
4
43
453
465
47
8
492
507
522

538
554
568

583
596
608

618
627
633
638

640
641
639

636
631
625

616
607
596
5
86
573
561
54
8
536
523
510

499
488
478

466
457
449

441
435
428

423
418
415
4
12
412
411
4
11
412
413
41
5
418
421
425

429
433
438

441
446
451
455

459
464
469

473
478
481

485
489
494

498
503
510
5
18
529
543
56
0
580
603
629

657
687
719

751
780
809

835
857
875

889
900
906
9
05
901
892
8
79
862
843
82
0
794
767
739

710
681
652

622
595
569
544

521
501

483
467
453
441

430
422
416
4
10
405
402
4
02
401
403
40
4
406
409
413

417
422
427

432
438
444

451
457
464

471
478
484
4
90
496
501
5
07
511
514
517
5
19
520
522
52
1
520
519
518

515
512
509

505
501
497

494
490
486

482
479
476
4
73
471
469
4
67
467
465
46
4
464
465
466

467
468
469

471
472
474

475
476
477

480
482
483
4
85
486
488
49
0
493
497
50
3
508
512
515

518
522
525
528

533
540
550

564
581
601

624
650
675

702
729
756
7
82
807
829
8
48
862
871
87
7
879
876
868

856
842
825

806
784
761

737
711
685

659
632
606
581

558
536
51
5
496
480
46
6
452
441
432
42
4
416
409
404

401
398
396

395
394
395

396
399
402

405
410
415
4
21
427
434
44
3
450
457
46
6
474
482
490

498
504
511

516
522
528

532
536
538

540
541
541
5
40
537
534
531
5
27
524
519
5
14
510
505
50
1
497
492
488

485
482
479

476
473
471

469
466
465

465
464
463
4
63
464
463
46
3
464
464
46
5
466
467
468

469
471
473

477
482
490

501
516
535

558
585
615
648

681
715
74
9
782
812
839
8
63
882
897
90
6
911
910
905

896
883
867

847
825
799

773
745
717

688
660
632
6
06
581
557
53
4
514
496
48
0
466
453
442

433
424
416

410
405
400

397
394
392

392
392
394
3
98
402
406
411
4
18
424
432
44
1
450
458
46
6
476
485
495

503
511
519

526
533
539

543
547
549

551
551
550
5
48
546
543
54
0
536
531
52
6
521
517
511

505
500
494
489

484
479

475
470
466
464

460
457
455

453
452
451
4
50
450
450
45
2
454
458
46
3
471
481
495

513
535
560

589
620
653

686
720
753

785
814
840
8
62
879
891
89
9
901
898
890

880
864
846

825
801
775

748
720
692

664
637
610
584

560
537
516

497
479
463
4
50
438
427
41
8
410
404
39
9
395
392
389

388
388
388

389
391
395

401
407
413

420
428
435
4
44
452
461
46
9
477
486
493

501
509
516

521
527
531
535

536
537

539
538
537
535

533
532
528

525
522
517
5
12
506
501
49
6
491
487
482

478
473
470

467
465
462

460
457
455

454
453
451

451
451
452
4
54
458
464
47
3
485
502
523

548
576
606
64
1
676
712
748

782
815

845
869
889
9
06
913
914
913

914
913
899
8
83
864
841
81
7
791
763
735

706
678
651

623
598
574

552
530
511

494
479
465
4
53
442
433
4
25
417
412
40
8
404
401
398

396
396
396

396
399
402
406

412
418
425

431
438
446

454
461
469

477
485
492
4
99
505
510
51
5
518
522
525

526
527
527

526
524
522

519
516
512

507
504
500
4
96
491
488
4
84
480
476
47
2
467
464
462

460
459
458
456

455
454
454

452
451
450

449
449
451

451
452
453
4
57
462
469
4
80
495
514
53
6
564
594
628

663
699
735

769
802
832

858
881
899

911
914
914
9
14
910
896
8
82
863
842
81
8
792
765
737

709
681
653

625
599
574
551

529
510
493

477
464
451

440
431
423
4
16
410
405
4
01
398
395
39
2
390
390
391

392
393
397

401
405
409

415
421
428

436
445
453
4
62
470
478
48
6
493
500
50
6
510
514
517

519
521
523

522
521
519
518

515
512
510

506
502
499

495
491
486
4
82
478
473
4
70
466
462
46
0
457
455
453

451
450
448

446
445
444

444
443
444

445
445
445
4
45
447
447
44
8
449
450
45
1
452
453
453
45
3
454
455
455

457
458
460

462
465
469

474
483
494

507
523
545
5
69
596
626
6
57
690
723
75
4
784
812
837

858
875
887

896
899
898

893
884
873

858
840
820
7
98
774
750
726
7
00
676
65
1
628
605
584

565
548
530
514

498
484
472

461
452
443

435
428
422

416
411
408
4
05
403
402
40
3
405
408
41
2
418
424
431

438
448
457

466
476
486

495
504
512

520
527
532
538

543
544
54
6
547
547
546
5
45
543
539
53
6
532
528

524
519
515
510

505
499
495

490
486
483

480
477
473
4
70
469
467
46
6
465
463
46
2
460
460
459

458
457
456

457
458
458

459
461
462

462
463
467
4
72
479
489
502
5
19
537
558
58
3
610
639
66
9
698
727
754

779
802
821

837
849
856

859
858
852

842
830
814
7
95
775
753
73
0
708
684
66
2
638
615
593

573
554
535

518
503
488

476
464
453
443

434
426
4
18
412
407
402
3
99
397
396
39
5
396
397
39
9
403
406
412

418
424
432

440
448
456

466
474
482

490
498
503
5
10
514
519
52
3
526
527
528

527
526
524

522
519
515

511
508
504
499

494
489
485

481
477
474

470
468
465
4
62
460
459

458
457
455
45
3
453
452
451

450
449
449

448
449
451

453
458
464

473
484
498
5
17
538
563
59
1
622
653
686

718
751
782

810
836
859

878
892
901

906
906
901
8
92
880
866
8
47
826
804
780
7
54
729
704
67
9
654
630
60
7
586
566
548

531
515
501

488
476
464

454
445
437

429
422
415
4
09
404
400
39
8
398
397
398

400
403
406

410
416
424

431
439
448
457

467
477
4
85
493
500
508

513
518
522
5
25
528
528
52
8
528
526
524

521
518
515

511
507
503

498
493
489

484
481
477
4
73
470
466
4
63
460
458
45
6
454
453
452

451
451
451

451
452
454
456

460
464

472
482
496
513

534
558
5
85
615
646
680
7
14
747
779
81
0
837
861
881

895
905
909

909
903
894

881
865
845

822
797
772
7
45
717
690
6
64
638
614
59
0
569
549
530
51
3
497
482

469
456
446
435

426
418

410
403
398
393

389
386
384
3
83
383
384
3
86
389
394
40
0
408
416
424

433
443
451

460
469
478

486
493
500

506
511
515
5
19
521
522
5
23
522
521
51
8
515
512
508

503
499
495

491
486
481

477
472
468
464

461
458
456

453
451
449
4
48
447
447
4
46
445
446
44
6
445
445
445

446
445
446

446
447
448

450
453
457

463
474
487
5
03
523
548
57
6
607
641
67
9
719
760
800

840
877
909

914
914
914

914
914
914

914
914
914
914

914
914
887
8
57
826
794
7
60
728
696
66
4
634
606
579

553
530
508

488
470
453

438
425
413

403
393
385
3
78
372
368
36
5
362
362
36
1
362
365
369

374
381
388
397

407
416
427

438
448
458

468
478
486

494
502
509
5
13
517
521
5
23
524
523
52
2
521
519
516

512
507
503

498
492
487

482
478
473

468
464
460
4
56
452
449
44
7
444
442
44
0
438
437
436
43
6
436
436

436
437
438
439

440
441
443

445
447
449

450
451
453
4
55
456
458
45
9
459
459
46
0
462
463
465

467
472
478

487
499
515

535
559
587

618
654
693
7
34
777
821
86
3
904
914
91
4
914
914
914
91
4
914
914
914

914
914
914

914
914
914

914
898
862

825
788
752
7
16
680
646
61
3
582
553
52
7
501
476
455

436
419
403

389
377
367

359
353
348

345
344
345
347

350
355
36
1
368
376
385
39
5
407
418

431
443
455
468

478
488
497

505
512
518

524
528
530

532
533
532
5
31
529
525
52
1
517
512
50
6
500
493
488

481
476
470

464
460
455

452
449
446

443
441
439
4
37
436
434
43
3
434
433
433

435
436
438
44
0
440
441
442

443
444
445

446
447
449

451
452
452

453
453
454
4
55
455
455
45
5
456
456
459

463
469
477

488
502
520

543
570
599

633
671
712

755
800
844
8
88
914
914
91
4
914
914
914
91
4
914
914
91
4
914
914
914

914
914
914

914
914
892

852
813
774

734
695
657
6
21
587
554
52
4
495
469
443

421
402
384

369
357
346

338
332
327

326
327
328
3
30
336
343
351

360
370
38
1
393
405
418
43
1
444
456
46
8
480
491
501

509
516
522

527
532
534

536
536
536

534
532
528
5
22
517
511
50
6
499
492
486

480
475
469

464
460
456

452
448
445

441
438
436
4
34
432
431
4
30
429
430
43
0
430
432
432
43
3
434
435
435

437
438
438

439
441
444

445
448
449

451
452
454
4
57
458
459
4
59
460
461
46
3
465
470
476

484
495
509

527
549
575

605
638
675

715
758
802
846

889
914
914

914
914
91
4
914
914
914
91
4
914
914
914

914
914
914

914
914
914

885
845
803

761
720
680
6
41
603
568
5
36
504
476
45
1
428
408
389

374
359
348

339
332
327

323
322
323
324

326
332
3
39
346
356
366

378
389
402
4
16
431
444
45
8
471
483
494

505
515
522

527
532
535

537
537
537

537
535
532
5
28
523
517
5
12
506
501
49
4
488
483
477

472
465
461

456
452
449
445

442
441

439
437
436
435

435
435
436
4
36
435
436
4
36
436
437
43
8
437
438
439

440
441
442

443
444
446

451
456
464

474
486
503
5
22
546
575
60
7
642
681
72
2
764
807
848

888
914
914
914

914
914

914
914
914
914

914
914
914

914
914
914
8
93
856
818
7
78
738
698
65
9
620
583
548

515
487
459

435
414
395

379
365
352

342
334
330
3
26
324
324
32
5
329
335
34
1
348
358
367

377
388
400

414
427
439

452
465
476
487

497
507
515

524
531
537
5
40
542
543
5
43
541
539
53
7
533
529
525

520
515
510

504
499
494

490
484
479

475
470
467
4
64
460
456
45
4
452
451
45
0
449
448
448

446
445
444
444

444
445
445

446
447
451

455
462
472

485
500
521
5
47
576
609
64
7
688
730
77
4
819
863
905

914
914
914

914
914
914

914
914
914

914
914
914
9
14
914
914
91
4
882
843
80
2
761
720
680

641
603
567

535
503
475

449
426
405
386

369
356
345

335
326
321
3
18
315
315
31
7
320
325
33
2
340
349
358

370
383
394

407
421
434

446
459
471

483
493
502
5
12
519
525
53
0
534
537
538

539
539
537
53
5
532
529

526
521
516
512

508
503
498

494
488
484

481
477
473
4
70
467
463
46
1
459
457
45
6
453
452
450

450
449
447

446
445
443

443
442
443

444
447
452
4
60
473
489
509
5
33
561
595

633
673
717

763
809
855
899

914
914
914

914
914
914

914
914
914

914
914
914
9
14
914
914
91
4
900
861
820

779
736
695

655
617
581

547
516
486

459
434
414

394
376
362
3
50
340
331
32
4
319
316
314

315
317
320
32
5
330
337
346

355
367
379

392
405
419

431
444
457

468
479
490
4
99
508
515
52
1
528
532
533

534
534
532

530
527
523

518
514
509

504
497
491
4
86
482
476
4
71
467
463
45
8
455
452
449
44
6
443
440
43
9
437
436
436

436
437
437

438
439
440

441
444
448

452
460
471
4
85
504
526
55
4
585
621
659

701
743
786

830
872
908

914
914
914
914

914
914
9
14
914
914
9
14
914
914
91
4
914
879
844
80
7
769
731
693

656
621
587

556
527
500

476
454
434

416
401
386
3
74
364
355
3
49
344
340
33
8
337
337
339

342
348
353

359
368
377

386
397
407

419
431
442
453

463
474
4
84
494
502
50
9
514
519
523
52
6
527
528
527

526
524
521

518
515
510

506
502
496

490
485
481
4
76
470
466
4
62
458
453
45
0
447
445
442

440
439
436

435
434
434

435
439
445

453
465
481
5
00
524
551
584

619
658
69
9
741
782
821
85
8
892
914
914

914
914
914

914
914
914

914
914
896

868
837
803
7
68
733
698
6
63
629
596
56
5
536
509
484

460
439
420

403
387
374

364
355
347

341
337
334
3
32
333
335
338
3
42
348
354
3
61
370
379
39
0
400
410
422

433
444
456

466
476
485

493
501
508

514
520
524
5
27
528
529
5
28
527
524
52
1
518
514
510

505
501
495

490
486
482

477
473
468
464

460
457
454

451
449
447
4
45
443
442
4
41
441
442
44
5
451
460
471

486
506
530

558
589
625

664
705
747

789
828
865
8
98
914
914
91
4
914
914
91
4
914
914
914

914
900
873

841
807
773

738
704
668
634

601
571
5
42
515
489
46
7
446
427
411
3
96
384
373
36
4
358
352
349

347
345
346

347
350
354

360
367
375

383
391
402
4
13
424
434
44
5
456
466
47
7
487
496
504
51
1
516
521
526

529
531

531
531
530
529

525
522
519

515
510
506
5
02
497
493
48
9
485
480
47
7
472
469
465

461
458
456

453
451
450

449
449
447

447
447
446
4
47
447
446
44
7
448
452
45
7
464
473
487
50
6
528
555

587
622
660

701
744
787
829

869
905
914

914
914
914
9
14
914
914
91
4
914
914
91
4
914
885
851

816
778
741

703
666
631

598
565
535

508
483
460
4
39
421
404
39
0
378
368
358

352
346
343

340
339
340

342
346
351

356
363
370
3
80
390
400
411

423
434
445
4
56
468
478
48
7
496
504
51
2
518
524
528

531
532
533

533
531
529

526
523
519

514
510
505
5
00
496
491
48
6
482
478
474

469
465
462

459
455
453
451

449
448
447

446
445
445

445
445
446

446
446
446
4
46
446
447
44
8
449
450
45
2
456
460
466

476
489
506

527
553
583

618
656
697

740
784
826
8
68
905
914
91
4
914
914
914
91
4
914
914
91
4
914
914
914

902
869
834

796
759
721

684
647
611

577
546
516
4
90
465
443
42
4
407
393
381

370
361
354

349
345
341

341
341
342

345
350
354
3
60
368
378
3
87
397
408
41
9
430
442
454

465
476
487
49
6
505
512
519

526
531
534

537
538
538

537
536
533

530
526
522
5
17
512
506
50
1
496
491
486

481
476
472

468
464
462

458
456
455

453
452
450
4
50
450
449
4
49
450
450
451
4
51
451
451

451
451
451

451
451
452
453

455
458
462

468
478
490

507
527
552

581
613
650
6
88
728
769
81
0
850
886
913

914
914
914

914
914
914

914
914
914

914
907
874
8
40
805
769
7
31
693
657
622
5
87
555
526
49
9
473
449
429

411
396
382

370
361
353

347
342
340

339
340
342
3
46
351
357
3
64
372
382
39
1
401
412
423

436
448
460

471
483
495

504
513
522

529
536
540
5
43
545
546
54
5
545
543
54
0
537
533
529
52
5
520
515
509

503
498
494

489
485
480

477
473
471

467
465
463
4
61
458
457
4
55
454
453
45
2
451
450
450

449
449
449

449
450
451

453
455
460

466
476
488
5
04
525
549
577
6
10
647
68
7
729
772
815
85
5
893
914
914

914
914
914

914
914
914

914
914
914

914
914
897
8
63
828
791
7
54
716
679
64
2
608
575
544

515
489
465

443
425
408

393
382
372

363
357
351
3
47
345
345
34
6
348
351
35
4
360
367
374
38
2
391
401
411

421
433
445

456
466
477

487
497
505

513
520
527
5
31
535
538
53
9
539
539
53
8
536
532
527

524
519
513

508
504
498

492
487
483

478
474
471
4
67
464
462
45
9
456
454
453
4
52
450
450
45
0
450
449
449

450
449
450

450
450
451

453
453
454

455
458
462
4
67
475
486
50
3
521
545
57
2
604
640
679

721
764
808
851

891
914

914
914
914

914
914
914
914

914
914
914
9
14
914
914
91
2
871
835
79
8
759
722
685

649
614
582

554
526
500

478
457
438

422
408
396
3
85
376
369
36
3
359
357
35
5
356
358
361

365
371
378

385
393
402

412
422
433

444
455
466
477

488
498
50
8
517
524
531
53
7
541
543
54
5
546
543
541

539
536
531

527
522
518

513
507
502

497
492
486
4
82
478
475
47
1
469
466
463

460
458
455

454
453
453

452
452
453

454
454
454

454
455
456
457

458
460
46
1
462
464
465
46
6
467
468
47
0
472
473
475

476
479
484

491
500
513

530
551
576

606
640
678
7
20
763
808
85
2
895
914
914

914
914
914

914
914
914
914

914
914

914
914
914
914

914
913
868

829
789
750
7
10
671
633
59
8
565
534
50
5
479
455
435

416
399
384

372
361
353

347
342
340

339
341
343
3
47
353
359
36
8
378
388
400

412
424
437

450
464
477

489
500
512
523

532
539
545

551
554
556

556
555
554
5
51
548
544
53
8
532
527
521

514
507
501

495
488
482

477
472
468

464
460
457
4
54
452
449
4
48
447
446
44
5
445
445
446
44
6
448
448
45
0
451
453

455
457
460

461
463
465
467

468
470
473

478
483
492
5
03
518
537
56
1
590
622
657

697
741
785

831
876
913

914
914
914

914
914
914
9
14
914
914
914

914
914
91
4
914
914
914

914
914
897

856
814
772

730
689
648
610

573
539
508

479
452
429

408
390
375
3
63
355
348
34
4
342
344
348

354
362
372

383
396
411

427
445
462

480
496
513
5
29
544
559
5
71
582
590
59
7
602
604
605

605
602
597
592

585
578
569

559
551
541

532
523
515

506
497
489
4
82
475
470
4
67
463
459
45
7
455
455
454

454
454
454

455
456
457

459
460
462

465
467
470
4
74
479
487
49
7
511
529
55
2
580
613
649

691
736
785
835

884
914
914

914
914
914

914
914
914

914
914
914
9
14
914
914
9
14
914
914
91
4
914
914
914

914
891
845

798
752
707

664
623
585

548
515
484
4
55
430
409
38
9
372
358
34
8
339
332
328

327
328
331

337
344
353
364

376
389
403

418
434
450

467
483
499
5
13
527
539
5
49
557
563
56
9
574
577
578

576
573
571

566
560
553

547
539
532

524
516
508
5
00
492
484
47
7
471
465
46
0
456
453
450

448
446
444
443

441
441
440

440
441
441

443
444
444

446
447
449
4
51
451
452
45
4
454
456
45
9
460
463
467

473
483
495

512
535
562

593
629
671

716
764
815
8
67
913
914
914
9
14
914
914
9
14
914
914
91
4
914
914
914

914
914
914

914
914
914

914
914
914

914
914
913
8
59
814
768
72
6
685
644
60
6
571
538
508

481
456
433

413
395
380

368
358
351

347
343
342
3
43
346
351
358
3
68
380
392

406
420
435

450
466
481
495

508
521
533

544
553
561

566
569
571

572
571
569
5
65
560
554
54
6
538
529
52
1
513
504
495

486
478
470
463

456
450

445
440
436

432
429
427
4
25
423
423
422
4
23
425
426

427
429
432
43
3
436
439
443

447
450
454

458
463
467

472
477
482

486
489
492
4
96
499
501
50
4
506
508
509

510
511
511

511
512
512

511
510
509

508
506
504

502
500
498
496

493
493
493
4
95
500
509
52
1
538
561
58
8
621
658
700

746
794
845

896
914
914

914
914
914

914
914
914
9
14
914
914
91
4
914
914
914

914
914
914

914
914
914

914
914
878

832
784
739
6
95
653
612
575

540
508
479
4
51
428
407
39
0
375
362
35
2
344
338
335

333
334
337

342
347
357

366
377
389

402
415
428
4
44
459
475
49
1
505
519
533

545
555
563

569
575
578

581
581
581

580
578
575
5
71
565
559
553

546
540
534
5
26
519
513
50
4
498
492
487

482
477
474

471
469
467

466
466
465

466
467
468
4
71
473
474
4
77
480
483
48
6
489
493
496
49
8
501
503

506
508
510

512
514
516
517

519
521
523

524
525
526

527
527
527
5
28
527
526
52
5
524
522
521

520
520
521

521
526
532

541
556
574

596
623
653
6
87
724
764
8
06
849
892
91
4
914
914
914

914
914
914

914
914
914

914
914
914

914
914
914
914

914
914
91
4
914
914
895
8
52
809
767
72
4
683
645
607

574
543
515

490
467
448

431
418
406

398
392
389
3
88
389
392
3
97
405
415
42
6
439
453
468

484
501
518
536

554
569

584
598
611
623

632
640
646

651
653
655
6
55
652
649
6
44
638
631
62
4
616
607
598

589
579
569

560
551
543

534
527
520

513
508
503
5
00
496
493
4
91
490
489
48
8
488
489
491

492
493
495
497

498
500
502

503
506
508

511
515
519

525
533
543
5
56
574
596
6
21
648
680
71
4
750
786
824

861
897
914

914
914
914

914
914
914

914
914
914
9
14
914
914
91
4
914
914
91
4
914
897
857

817
776
735
695

657
619
583

550
519
491

466
444
425

409
395
385
3
77
372
370
3
71
373
379
38
7
397
410
424

440
457
476

495
515
535

554
573
591

609
624
639
6
53
664
674
68
1
688
692
69
5
696
695
692

687
682
676
669

661
653

645
636
626
619

610
601
593

584
577
569
5
62
556
551
54
6
542
539
53
5
532
530
531

531
532
535

540
548
558

571
588
610

636
666
699
7
36
774
814
85
5
896
914
914
9
14
914
914
91
4
914
914
914

914
914
914

914
914
914

914
914
914

914
914
914
9
14
914
900
86
0
821
783
74
8
715
683
653

627
605
586

572
560
552

548
546
546

551
557
565
5
77
590
604
61
9
638
657
676
6
95
716
737

757
776
794
813

829
843
857

869
880
889

896
903
909

913
914
914
9
14
914
914
91
4
914
914
91
4
914
914
914

914
914
914

914
914
914

913
914
914

914
914
914
9
14
914
914
914
9
14
914
914
91
4
914
913
91
4
914
914
914

914
914
914

914
914
914

914
914
914

914
914
914
9
14
914
914
91
4
914
914
91
4
914
914
914

914
914
914

914
914
914

914
914
914

914
914
914
9
14
914
914
91
4
914
914
914
91
4
914
914
91
4
914
914
914

914
914
914

914
914
914

914
914
914

914
914
914
9
14
914
914
91
4
914
914
914

914
914
914

914
914
914

914
914
914

914
914
914
9
14
914
914
9
14
914
914
914
9
14
914
914
91
4
914
914
91
4
914
914
914

914
914
914

914
914
914

914
914
914

914
914
914
9
14
914
914
91
4
914
914
914

914
914
914

914
914
914

914
914
914

915
914
914
914

914
914
914

914
914
91
4
914
914
914
91
5
915
915
915

915
915
915

915
915
915

914
914
915

915
915
914

914
914
914
9
15
915
915
91
5
915
915
915

915
914
914

914
914
914

914
914
914

914
914
915
914

915
915
915

914
914
914
9
15
914
914
91
4
914
914
914

914
914
914

915
914
914

915
915
914

914
914
914
9
14
914
914
9
14
914
914
91
4
914
914
914

914
914
915

915
914
914
914

914
914
914

914
914
9
14
914
914
91
4
915
914
914
9
14
914
914
91
4
914
914
914

914
914
914

914
914
914

914
914
914

914
914
914
9
14
914
914
9
14
914
914
91
4
914
914
914

915
914
914

915
915
915

915
915
915
915

915
915
915

915
915
915
9
14
915
915
9
15
915
915
91
5
915
915
915

915
915
915

914
914
915

915
915
915

915
915
915
9
15
915
915
9
15
915
915
91
5
915
915
914

914
915
915
915

914
915

915
915
914
915

915
915
915

915
915
915
9
14
915
915
9
14
914
914
91
5
915
915
915

915
915
915

915
915
915

914
915
914

914
915
915
9
14
914
914
91
5
915
915
915
9
15
915
915

915
915
914

914
914
914
914

914
914

914
915
914
914

914
915
914
9
15
914
914
9
14
914
914
91
4
914
914
914

914
915
914

914
914
914

914
914
914

914
914
914
9
14
914
914
91
4
914
914
91
4
914
914
914

915
914
914
914

914
914
914

914
914
914

914
914
914

914
914
915
9
14
915
915
91
5
915
915
91
4
915
915
914

915
915
914

915
915
915

915
915
915

915
915
915
9
15
915
914
91
5
915
915
91
5
914
915
915

915
915
915
915

915
915

915
915
915
915

915
915
914

915
914
915
9
15
915
915
91
5
915
915
91
5
915
915
915

915
915
914

914
915
914

914
914
915

915
915
915
9
15
915
915
91
5
915
915
915

914
914
915
91
4
914
914

914
915
914

915
915
914
915

915
915
915

915
914
914
9
14
914
914
91
4
914
914
91
4
914
914
915

915
915
915

914
915
914

914
914
914

914
914
914
9
14
914
914
91
4
915
915
915

914
914
914

914
914
914

914
914
914
914

914
914
914

914
914
914

914
914
915
9
15
914
914
91
4
914
914
91
4
914
914
914

914
915
915

915
915
915

915
915
915

915
915
915
9
14
914
915
91
4
915
915
915

915
915
915
91
5
915
915

915
915
915
915

915
915
915

914
914
914

915
915
915
9
15
915
915
91
5
915
915
915

915
915
915

914
914
914
914

914
915

915
915
915
9
15
915
915
9
15
915
914
91
5
914
914
914

914
914
914
91
5
914
915
915

915
915
915

915
915
915

915
914
914

914
914
914
9
14
915
915
91
4
914
915
915

915
915
915

914
915
914

914
914
914

914
914
914
914

915
914
915

915
915
91
5
915
915
914

914
914
914

914
914
914
914

914
914
914

915
914
914

915
915
914

915
915
914
9
14
914
914
91
4
914
914
914

914
914
914

914
915
914

914
914
914

914
914
914
9
14
914
914
914

914
914
914
9
14
914
914
91
4
915
915
914

914
914
914

914
914
914

914
914
914

914
915
914
9
15
915
915
9
15
915
915
91
4
914
914
914

914
914
914

914
914
914

915
915
915
915

914
915
915

915
915
9
15
914
914
91
4
914
914
914
91
4
914
914
914

915
915
915

915
914
914

914
914
914

914
914
914
9
14
914
914
9
14
915
914
91
5
915
915
915

915
915
914

914
914
914

914
914
914
914

914
914
9
14
915
915
914
9
15
914
914
9
14
914
914
91
4
914
914
914

914
914
914

914
914
914

914
915
914

914
914
914
9
14
914
914
9
14
914
914
91
4
914
914
914

914
914
915

914
914
914
914

914
914

914
914
914
9
14
914
914
914
9
14
914
914
9
14
914
914
91
4
914
914
914

914
914
914

914
914
914

914
914
914

914
914
914
9
14
914
914
91
4
914
914
91
4
914
914
914

914
914
914

914
914
915

915
915
914

914
914
914
9
14
914
914
914
9
14
914
914
9
15
914
914
91
5
915
915
915

915
915
914

914
914
914

914
914
914

914
914
914
9
15
914
914
91
4
914
915
91
4
914
914
914

914
914
914

914
914
914

914
914
914
915

914
914
914

914
914
915
9
14
914
914
9
14
914
914
91
4
914
914
914

915
915
915

915
915
914

914
914
914

914
914
914
9
14
914
914
91
4
914
914
91
5
914
914
915

914
914
914

914
914
914
914

914
914

914
914
914
9
14
915
914
914
9
14
914
914
91
4
914
914
91
4
914
914
914

914
914
914

914
914
914

915
914
914

914
914
914
9
14
914
914
91
4
914
914
914

914
914
914

915
914
914

914
914
914
914

914
914

914
914
914
914

914
914
914
9
14
914
914
91
4
915
914
91
4
915
914
915

914
914
914

914
915
914

915
914
915

915
915
915
9
15
915
915
91
5
915
915
914

914
914
915
91
4
915
914

915
915
915
915

915
915
915

915
915
915

915
914
914
9
15
914
914
91
4
915
915
91
5
915
915
915

915
915
915

915
914
914

914
915
915

914
915
915
9
15
915
915
91
5
915
915
915

915
915
915
91
5
914
914
914

915
915
915

915
915
915

915
915
915

915
915
915
9
15
915
915
91
5
914
914
914

914
915
915

915
915
915

915
915
915

915
915
914
9
14
914
914
9
14
914
914
91
4
915
915
915
91
5
915
915

915
915
915
914

914
914

914
914
914
915

914
914
915

915
915
915
9
15
914
915
91
5
915
915
915

915
915
915

915
915
915

915
915
915

915
915
915
9
15
915
915
915

915
915
915
9
15
915
915

915
915
915
91
5
915
915
915

915
915
915

915
915
915

915
915
915

915
915
915
9
15
915
915
91
5
915
915
915

915
915
915

915
915
915

915
915
915

915
915
915
9
15
915
915
9
15
915
915
91
5
915
915
915
91
5
915
915
915

915
915
915

915
915
915

915
915
915

915
915
915
9
15
915
915
9
15
915
915
91
5
915
915
915

915
915
915

915
915
915

915
915
915

915
915
915
9
15
915
915
9
15
915
915
915
9
15
915
915
91
5
915
915

915
914
915
915

915
915
915

915
915
915

915
915
915
9
15
915
915
9
15
915
915
91
5
915
915
915

915
915
915

915
915
915
915

915
915

915
915
915
9
15
915
915
91
5
915
915
915
9
15
915
915
91
5
915
915
915

915
915
915

915
915
915

915
915
915

915
915
915
9
15
915
915
9
15
915
915
91
5
915
915
915

915
915
915

915
915
915

915
915
915

915
915
915
9
15
915
915
915
9
15
915
915
9
15
915
915
91
5
915
915
915

915
915
915

915
915
915

915
915
915

915
915
915
9
15
9