4
49
444
440
43
6
433
432
432

432
434
435

437
438
441

443
446
448

451
454
466
4
79
492
504
5
17
533
550
56
8
589
610
630

651
672
691
70
8
725
740
751

761
769
773

775
775
772

767
760
750

740
727
714
6
98
681
664
64
7
631
614
598

581
563
548

534
521
509

498
489
482

477
473
468
464

461
459
4
57
456
456
456
4
57
458
460
46
1
462
464
466

467
468
471

475
477
481

484
488
490

492
495
498
5
01
502
504
5
05
507
508
50
8
508
508
507

505
503
502

499
497
494

491
488
485

482
478
475
4
72
468
462
4
59
457
453
451
4
50
448
445
44
3
442
441
441

441
441
441

442
442
443

443
444
444

446
447
449
4
51
452
453
4
54
456
457
45
8
459
461
461

463
464
466

467
467
467
467

468
467

466
465
464
464

465
466
46
6
467
467
46
6
466
467
467
46
7
467
467
467

468
467
467

467
468
468

467
469
471

474
479
486
4
95
507
520
5
37
556
575
59
5
616
636
656

676
694
711

725
737
746

754
758
760
759

754
748
740

729
719
705
6
90
674
65
9
642
625
609

592
575
559
544

530
517
506

494
484
475

467
461
456

451
447
444
4
42
440
439
43
8
439
439
44
0
443
444
446

448
451
454

458
463
466

471
474
479

483
487
490
4
93
496
498
501
5
02
503
503
5
04
505
506
50
4
502
500
497

494
491
488

485
481
477

474
470
466

462
459
456
4
53
450
449
44
6
445
444
44
2
442
441
441

440
440
440

441
441
442

442
442
444
443

445
447
448

447
449
450
4
50
451
452
4
54
455
456
45
6
457
459
459

460
461
462

462
463
465

465
466
467

466
465
466
4
66
467
467
46
8
469
469
46
9
470
470
469

469
469
469

468
468
468

467
467
466

465
464
462
462

461
461
464
4
68
473
479
48
8
501
517
53
6
556
577
599

619
640
661

680
697
713

725
735
743

748
750
750
7
46
741
733
72
2
709
696
683

667
650
633

615
597
580

563
547
532
517

504
491
4
78
469
461
453

447
442
437
4
32
430
429
42
8
426
427
42
9
430
431
434

437
441
445

451
457
462

467
472
478

482
486
492
4
97
501
505
50
8
509
511
513

513
513
512
51
1
511
509

507
504
501

498
492
490
486

482
479
476

472
468
464
4
62
460
457
45
6
454
452
45
0
449
447
446

446
446
447

447
447
447

446
447
448

448
450
450
4
50
450
452
45
2
452
454
455

456
457
458

459
459
459
460

461
461

463
464
465
466

466
466
466

466
466
466
4
66
467
468
46
7
468
468
469

470
470
472

472
471
471

471
470
470

470
469
470
4
69
468
467
4
67
466
467
46
8
470
473
478

485
493
504
51
9
537
555
576

598
619
639

658
678
694

708
720
731

737
742
742
7
41
738
730
72
0
709
696
682

667
651
634

617
599
580

562
546
530

515
501
489
4
78
466
456
4
48
441
436
431
4
28
424
422

421
419
419

420
422
426

429
432
437
442

448
453
459

467
473
478
4
84
490
495
5
00
505
510
51
3
516
519
521

523
524
523
52
2
519
517

515
513
509

506
503
499
4
96
493
489
485

482
478
47
5
472
469
466

463
460
458
457

456
455
454

454
454
452

452
451
449

449
449
449
4
49
450
451
4
53
454
455
45
5
457
458
460

462
463
464

466
467
467

469
469
471

471
471
471
4
71
470
470
471

472
471
470
4
71
470
469

469
470
470
474

478
484
492

501
514
529

546
564
584

606
625
643
6
61
679
694
7
07
719
727
73
3
736
737
735

732
725
716

705
693
679

665
649
633

616
600
583
565

549
534
51
9
507
496
484
4
73
465
457
45
1
445
440
437

434
431

429
427
427
426

428
430
432

435
438
443
4
47
452
459
46
5
472
478
48
4
489
492
497

501
505
508

512
514
514

515
516
517

515
514
512
5
09
506
505
50
1
499
494
490
4
87
483
479
47
5
472
468
465

462
459
455

453
451
450

448
447
446

445
444
443
4
44
445
445
44
5
446
448
44
9
449
452
451

451
453
454

455
456
458
459

461
462

463
465
466
4
66
467
468
467
4
68
470
470

471
472
471
47
2
472
472
471

470
470
471

470
469
468

469
470
472

474
478
482
4
88
498
511
52
5
542
562
58
2
604
625
645

664
682
698

713
726
735

743
748
750
748

744
739
7
31
721
711
69
8
683
668
650
63
3
615
597
58
0
564
549
534

521
508
496

486
478
470

462
456
451

447
444
441
4
39
436
435
43
5
436
438
43
9
441
445
448

450
455
459

464
469
474

478
483
487

492
496
500
503

507
510
512
5
14
515
516
51
6
516
515
51
2
511
507
505

502
498
494

490
487
483
480

477
473

468
465
461
4
58
456
455
45
3
451
450
448

447
447
447

447
447
447

448
446
446

446
447
448
4
48
450
452
453

454
455
455
4
56
456
457
45
9
459
459
46
0
461
461
463

463
465
466

465
467
467

468
470
471

472
473
474
4
76
476
476
47
6
475
475
473

474
474
474

473
474
474

474
474
474

474
475
476
4
78
481
487
495

505
517
533
5
51
572
592
61
4
634
655
674

692
708
720

731
740
747

752
753
752

748
740
730
7
20
708
693
6
77
661
644
627
6
10
594
577

560
545
532

518
504
494

484
474
466

460
455
451
4
47
445
442
441

440
440
442
4
42
443
445
44
8
450
453
456

460
463
467

471
476
480

485
490
493

496
499
502
5
05
508
510
5
12
513
513
51
3
511
508
506

504
500
497

496
493
489

486
482
480
477

473
470
466

463
461
459

457
455
453
4
51
449
446
44
6
445
445
445

444
444
443

443
445
446

447
449
450

453
454
455
4
56
458
459
4
61
463
463
46
4
465
467
468

468
470
471

470
469
470

471
472
472

471
472
471
473

474
473
471
4
71
472
472
4
72
472
472
47
1
472
472
471

471
471
471

472
472
472

473
473
472

472
472
473
4
75
478
482
48
8
496
508
522
5
38
557
578
60
0
621
641

662
681
698

714
728
737
744

749
752
750

745
740
731
7
20
707
693
6
78
661
643
62
7
610
593
577

561
545
530

516
503
491

481
471
462

455
449
444
4
40
436
433
43
1
431
431
43
1
432
435
437

440
445
449

452
458
463
469

473
479
484

489
494
499

504
509
511
5
14
518
519
5
21
522
523
52
3
522
520
519

517
514
510

507
504
500

496
493
488

485
481
477
4
74
471
468
46
5
462
460
45
8
456
454
453

451
449
449
448

448
447
447

448
448
448

448
450
451

452
453
455
4
56
457
458
46
0
461
463
46
4
466
467
467

469
469
470

469
471
472

472
473
473

473
474
474
4
75
476
476
47
6
477
476
474

474
474
474
47
3
474
475
475

477
482
486

493
502
515

530
548
569

589
611
632
6
52
671
688
70
3
717
727
73
5
740
744
744

741
736
729
720

709
696

682
666
650

633
616
598
5
81
564
549
535
5
21
509
498

486
477
470
46
2
456
450

446
442
439
436

434
432
431

432
434
435

437
440
442
4
47
450
455
46
0
464
469
47
6
481
486
492

496
500
504

507
510
513

514
516
517

516
516
515
5
11
508
505
50
0
497
494
490

487
483
479
47
5
472
469
465

463
460
456

454
451
450

447
446
446

445
444
444
4
44
445
445
44
6
447
449
450

451
452
452

452
452
454

454
455
457

458
460
461
4
62
464
465
4
66
467
468
470
4
72
472
472
47
2
472
473
47
2
472
473
473

473
473
474

473
472
472

472
471
471

470
471
470
4
70
470
468
46
8
468
469
472

476
480
487

496
508
522

542
561
582

603
625
647
6
66
686
703
719

732
744
75
3
758
760
761
75
8
752
743
732

720
705
689

673
657
639

621
602
585

568
552
538

524
511
499
4
89
480
471
46
3
458
452
448

445
443
441

440
439
439

440
441
444

447
449
453
4
57
461
465
4
70
474
479
48
3
488
492
497
49
9
501
504
505

508
510
511

513
514
514

514
512
510

508
505
501
4
98
495
491
4
87
483
479
47
4
469
466
463

460
458
456

454
452
449

449
448
445

445
446
445
4
45
445
446
44
7
446
448
450
4
50
451
452
45
4
454
455
457

457
458
460

461
463
464

465
466
467

468
468
469
4
69
469
469
4
69
469
468
46
8
468
467
466

466
466
466

466
465
465
464

464
465

465
464
464
4
65
466
466
46
7
468
467
468
4
70
471
471
47
3
473
474
474

474
474
473

473
472
471

471
470
471

472
472
472
4
75
478
482
4
88
498
509
52
3
542
562
584

607
628
651

672
692
710

727
741
752

762
768
771
7
70
766
760
751
7
40
728
714
6
99
681
663
64
4
625
607
588

570
552
537

522
509
496

486
477
468

460
454
449
4
44
441
438
43
6
434
434
43
4
434
435
437

440
442
445
449

453
458
463

468
472

476
482
488
4
93
497
502
507
5
11
515
517
5
20
522
522
52
3
523
522
520

518
515
513

510
507
504

501
497
496

493
489
486
4
83
482
478
47
6
475
472
47
1
470
467
465

464
463
461

460
459
458

459
460
460
461

461
460
461

462
461
462
4
62
463
465
46
5
465
465
46
5
466
466
467

468
468
467

468
469
469

469
469
470

470
471
472
4
71
472
473
47
2
472
474
47
4
475
475
476
47
7
477
477
478

479
479
477

477
476
476

475
474
474

473
474
474
4
73
472
472
47
2
472
471
47
0
471
471
470

470
470
469

470
469
468

468
468
469

471
473
476
4
82
489
497
50
9
525
541
561
5
81
603
624

644
664
681
697

712
724
733

739
742
742

740
734
727

718
706
692
6
78
662
645
62
6
609
591
57
3
556
540
525

510
496
485

474
464
455

448
441
436

432
428
425
4
23
421
421
422
4
22
424
427

431
435
440
44
6
451
457

464
471
476

484
491
498
503

510
515
519

523
527
531
5
33
536
537
53
8
538
538
536

534
532
529

527
524
520

516
512
508

504
499
495
4
90
485
482
4
77
474
471
46
8
467
464
463
46
1
459
457

456
455
454
454

454
454
453

454
455
456

457
458
458

459
460
460
4
61
462
463
46
4
465
466
467

467
468
469

470
471
472

472
473
473

474
474
476
4
77
478
479
4
79
480
480
47
9
478
478
478

476
475
475

474
474
474
475

477
480
485

493
503
515

530
548
566

586
606
627
6
45
663
681
69
6
708
719
728

733
737
738

737
733
725

715
705
692

677
662
646
6
29
611
594
5
77
560
545
531
5
16
504
491

481
471
464
458

452
448
442

439
436
434

432
431
432

432
432
434
4
37
439
443
4
48
451
456
46
0
466
470
476

482
487
491

494
497
501

505
508
511

513
515
516
5
17
517
516
5
16
515
515
512
5
10
508
504

501
498
495
491

488
484
480

477
473
470

468
465
463

461
460
459
4
57
456
454
4
52
451
452
45
3
453
454
453

454
454
456

457
458
459
461

462
464

467
468
470
470

472
473
474
4
76
477
47
8
479
479
480
48
0
480
480
480

480
481
480

479
479
479

479
478
477

477
479
480
4
84
489
495
5
04
517
532
55
0
569
588
609

630
650
669

687
703
717

728
738
745

749
751
750
7
47
741
734
72
4
712
699
685
6
69
654
637
61
9
603
587
571

556
542
528

517
505
495

487
479
472

467
462
458
4
54
452
450
44
8
448
448
44
9
449
452
454

456
459
463

466
468
473

477
480
485

490
495
500
5
03
508
511
513
5
16
519
521
5
22
522
522

521
520
519
517

516
514
512

509
506
502

499
495
490

486
483
479
4
76
472
469
46
6
464
462
46
0
459
456
456

456
455
454

453
452
452

451
451
450
450

450
451
4
51
451
453
455
4
58
458
459
46
0
462
464
46
6
468
470
471

472
474
476

476
477
479

480
480
481

481
480
480
4
79
479
477
47
7
478
478
47
8
479
480
481

482
486
491

497
504
516

531
547
566
586

607
627
649

668
685
699
7
13
724
732
73
6
738
739
73
6
731
724
715

704
691
679

664
649
633

618
603
586

571
556
540
5
27
515
505
49
5
486
477
469

462
455
451

448
444
441

439
437
436
435

435
437
437

439
442
444

446
449
451
4
56
458
462
46
5
469
472
47
5
480
483
487

490
493
495

499
500
502

505
506
506

508
507
504
5
02
501
499
49
8
496
493
490

488
485
482
47
9
478
475

472
470
468
465

463
460
4
59
457
457
457

457
456
455
4
55
456
456
45
8
458
458
458

457
458
459

459
460
461

462
461
461

462
464
464

467
469
469
4
71
472
474
47
5
474
475
477

477
477
477

478
477
477
477

476
475

475
476
477
477

478
482
485

490
497
506
5
20
535
553
57
3
593
613
634

653
673
688

703
715
723

728
732
732

729
724
717
7
07
696
684
6
70
655
639
62
3
607
592
576

561
546
531

518
506
495

486
477
469
462

456
452
448

445
444
442

441
440
439
4
39
440
442
44
3
446
448
451

454
457
462

464
467
471

476
480
485

489
492
495
5
00
503
506
5
08
511
513
51
4
515
515
516
51
5
515
513

512
509
507
507

503
500

497
493
489
485

481
480
477
4
73
471
469
4
66
462
461
45
8
456
455
455

455
454
454

452
453
453

454
453
455

456
457
460
4
61
462
464
4
64
464
465
46
6
467
468
470

472
474
474

476
478
478

478
478
480
480

480
480
482

481
481
482
4
85
489
493
5
00
509
522
53
6
553
572
591

610
628
645

662
678
692

705
715
723

728
730
730
7
28
723
715
70
5
693
679
66
6
652
637
623

607
592
576
560

546
534
522

511
500
491

483
475
468

462
456
451
4
47
444
442
4
39
437
436
43
5
436
438
439

441
443
446

450
453
457

461
465
470

477
482
488
4
93
498
501
50
5
508
511
515
5
18
520
522
52
3
523
522

521
519
515
511

508
505
500

496
492
488

482
478
473
4
69
464
461
46
0
457
455
45
4
453
451
450

450
450
449

449
449
451

451
453
455

456
457
459
4
61
463
465
46
7
469
471
47
2
474
476
477
47
9
480
481
481

482
482
482

481
480
480

479
479
479

480
481
481
4
83
485
489
49
4
502
512
52
6
541
558
577

597
616
636

655
673
688

702
714
725

731
736
738
7
37
735
731
72
4
715
704
691

678
663
648
63
4
618
603
587

572
558
545

532
520
509

499
491
482

474
469
463
4
59
454
451
44
8
446
443
44
3
443
443
444

445
446
448

450
454
456

460
463
466

471
474
478
4
83
487
492
497
5
00
502
506

509
511
512
51
3
514
514
513

512
511
510

507
505
501

498
494
491

487
483
479
4
77
474
471
46
7
465
463
460

457
456
454

453
452
452

451
450
450

450
449
450

451
451
452
4
52
454
455
45
7
459
461
463
46
5
467
468
47
0
472
473
476

477
478
479

480
481
482

482
481
481

480
480
480
4
79
479
480
48
3
486
490
498

507
518
533

549
567
585

605
624
642

660
677
692
707

716
724
7
31
734
734
73
3
730
724
716
70
6
694
680
66
6
652
636
621

606
590
574

559
546
533

521
511
502

493
485
478
4
72
466
460
45
6
452
449
447

445
444
443

443
445
446

447
449
453

456
460
464
469

473
478
482

487
492
496
5
00
505
509
51
2
516
518

519
520
520
519

518
517
516

514
511
508

505
503
498
4
94
491
487
4
83
480
477
47
3
470
467
464
46
2
461
458

457
457
457

456
457
456

457
458
459
4
58
459
460
461

462
463
464
4
64
467
467
46
8
469
470
471

473
473
474

475
476
476

478
479
480

481
482
484
4
86
488
492
4
98
507
516
53
0
545
560
578
59
6
614
631

650
667
683

695
707
716
723

727
729
7
30
727
721
716

708
698
686
6
75
661
646
63
2
620
605
590

575
563
551

538
527
516

505
497
490

483
477
470
4
64
459
455
4
51
447
445
44
3
440
440
440
44
0
441
442
444

446
449

453
457
460
466

471
475
479

483
488
492
4
95
498
501
5
05
508
510
51
1
511
510
510

509
508
506

504
501
497

493
490
486

481
478
474
4
71
468
465
46
3
460
459
45
7
456
453
452

451
450
449

449
449
449

448
449
450
450

450
451
453

454
456
457
4
58
459
461
4
62
464
466
46
8
469
470
471

470
471
472

473
474
475

475
476
477

477
477
477
4
78
479
481
48
4
489
496
50
6
519
533
549

567
586
606
627

646
666

683
698
711

723
732
739
744

747
748
746
7
41
735
727
71
5
703
690
67
6
661
646
631

616
601
587

574
561
549

538
527
518

509
502
496
4
89
483
478
47
3
467
462
46
0
457
454
452

450
448
448
447

447
449
450

452
456
458

461
464
469

472
477
481
4
86
490
494
49
7
500
501
50
3
505
505
505

505
504
503

502
500
500

496
493
490

486
484
481
4
79
476
472
46
9
467
464
462

460
458
456

454
453
452
450

449
449
449

449
449
450

451
451
452

453
454
454
4
55
457
457
45
9
460
461
46
2
463
464
466

466
466
467

469
469
470

471
471
472

473
474
474
4
74
475
475
47
6
475
475
476

477
477
478
47
7
477
476

477
477
478
479

483
487
494

503
515
529

545
565
586
6
07
628
649
67
0
687
703
71
8
730
740
749

753
755
754

752
748
740

730
719
707

693
679
664
6
48
631
615
59
9
584
569
555

544
531
520
51
0
501
494
487

481
476
473

468
464
462

459
457
457

456
454
454
4
54
455
456
45
6
459
461
463

466
469
473

476
480
485

488
492
495

499
501
503
5
07
509
510
5
11
512
512
511
5
09
507
506
50
3
500
497
49
3
490
487
484

480
477
475

472
468
465

462
461
459

457
455
455
4
52
451
451
45
0
449
449
449

449
448
449

451
452
453

455
457
459

461
463
465
4
65
467
468
4
69
471
471
472
4
73
473
474
47
6
476
476
476

477
477
478

479
479
479

477
477
477

477
476
476
4
76
475
475
4
74
473
473
47
2
472
471
470

472
472
474

476
481
487

495
506
521

538
556
576
5
97
618
639
6
59
678
696
71
1
724
736
746
75
2
756
756
754

749
742
733

723
711
698

683
668
650

633
617
601
5
86
571
556
5
42
530
519
50
8
498
489
482

474
468
461

455
451
447

444
440
438

435
434
434
4
34
434
437
44
0
444
448
45
3
457
462
468
47
3
478
482

489
494
498
502

507
509
512

513
516
516

517
517
517
5
15
513
511
5
08
504
500
49
6
491
487
482

478
474
470

465
461
457

454
451
449

447
444
443
4
43
441
440
439
4
39
439
440
4
42
444
445

447
450
452
453

456
458
459

461
463
465

467
469
471

472
474
474
4
74
475
476
4
76
476
476
47
5
475
475
475

474
473
473

472
470
470

468
467
466

467
468
472
476

484
495
50
8
524
542
561
5
81
604
626
64
7
667
685
703

718
731
742

750
756
758

757
755
751

744
735
724
7
10
697
682
66
6
649
632
61
6
599
583
567

552
538
524

512
501
491

482
474
468

462
456
451
4
48
444
441
439
4
37
437
436
4
37
438
439
43
9
442
445
448

452
456
461

464
469
474

479
483
488

491
495
499
5
01
503
504
50
5
505
506
50
5
504
502
500

498
495
492

488
484
482

479
475
471
467

464
461
4
57
454
451
448
4
47
445
444
44
2
441
440
43
9
440
439
439

439
439
439

440
442
443

444
446
447

450
451
454
4
56
458
460
46
1
462
463
46
4
465
465
467

468
470
470

470
470
471

470
471
470

470
471
471
472

471
471
471
4
71
469
469
47
0
471
470
47
1
472
471
470

470
470
470

470
469
469

471
473
477

484
494
507
5
22
540
561
58
3
606
629
651
67
3
695
713
73
0
745
758

767
774
777
778

775
770
764

754
742
728

714
696
678
6
60
641
621
60
1
583
566
54
8
532
518
505

493
482
474

466
458
451

447
443
439

436
433
431
4
30
430
430
43
1
431
433
434

438
441
444
44
8
453
458

463
468
473
478

484
488
493

498
503
507

509
511
511
5
12
512
512
51
1
510
508
505

502
499
495

491
488
484

481
478
474

469
464
461
4
57
454
451
4
49
446
445
44
3
442
440
440

440
439
439
44
0
440
441
442

443
444
444

444
446
449

451
452
454

457
458
459
4
61
463
463
46
5
466
468
467

468
469
469

469
469
468

468
467
468

469
469
468
4
69
469
470
4
70
471
471
47
1
471
472
472

472
473
474
473

473
472
472

471
471
470

470
469
468

468
468
468

469
470
471
4
74
478
484
49
3
505
520
538

558
577
600

624
647
670

690
710
727

741
753
763
7
68
772
772
7
69
764
754
74
4
730
715
697
67
9
660
640
621

602
582
562

544
528
510

495
482
470

459
450
444
4
37
433
428
4
26
423
422
42
1
422
422
424

427
430
433

435
439
444

448
452
459

464
468
475
4
80
485
490
49
4
500
504
50
8
512
515
517

519
521
522
522

521
520
518

515
512
508

504
500
495

491
485
480
4
76
472
467
4
64
460
457
45
3
451
449
447

444
442
440

440
439
441

441
442
442

444
445
447
4
49
451
454
45
5
457
458
460
4
62
464
465

466
467
469
470

470
470
471

472
473
472

472
474
475

475
476
477
4
77
476
476
4
76
476
475
47
4
474
473
472
47
1
470
470

469
469
469

470
470
471

472
474
477
4
82
489
500
513
5
28
546
56
7
588
611
633
65
5
675
695

712
726
739
748

754
758
758

757
752
744

734
722
707
6
92
675
657
63
9
619
600
58
1
562
544
527

510
495
482

470
459
450

443
436
430

425
422
419
4
16
414
413
414
4
14
416
419
4
21
424
430
43
5
438
443
449

455
462
468

473
479
484

490
496
500

504
509
512
5
15
517
519
52
0
520
519
51
6
514
511
507

503
499
496

491
488
485

481
478
474

470
466
463
4
58
456
453
451
4
49
447
445
44
4
443
441
44
2
442
442
443

444
445
445

445
446
447

448
449
449

452
452
454
4
55
457
458
46
0
462
463
46
4
466
468
470

471
474
476

477
478
478

478
479
479

480
479
478
4
78
479
479
47
9
478
477
476

475
475
476
47
5
474
473
473

473
473
474

475
477
480

487
495
506

519
536
555
5
76
599
622
64
5
667
688
706

724
739
751

760
766
768

768
766
760

752
741
728
7
13
697
680
661

642
623
604
5
84
565
547
53
0
515
500
48
6
474
462
454

447
440
434

429
426
423

420
419
420

420
421
423
4
26
428
431
43
6
440
445
449

454
460
465

469
475
479

483
488
493

497
501
504
5
07
509
511
512

513
514
514
5
14
513
511
50
9
505
502
498

495
491
487

483
478
475

470
468
466

462
460
457

454
451
448
4
46
445
445
44
3
442
443
443

442
443
445

446
447
449

451
452
453

454
456
457
458

460
462
4
64
466
467
467
4
69
469
469
47
1
471
470
471

472
472
473

473
473
473

473
473
474

474
475
475
4
76
477
477
4
77
477
477
47
8
478
477
476

477
478
477

477
477
476

475
474
473

473
472
474
475

478
481
487

495
507
524
5
43
564
586
61
0
634
657
679

700
718
734

747
758
766

770
771
768

764
756
746
7
33
719
703
6
84
665
645
623
6
03
583
563
54
4
526
509
495

482
469
459

449
440
433

427
422
418

416
415
414
4
14
415
417
4
20
423
426
43
1
434
440
445

451
456
461

468
473
478

484
490
495

499
504
508
5
11
515
518
519

520
521
52
1
521
520
519

517
514
510

505
502
498
493

489
485
481

478
475
471

467
463
460
4
58
455
453
4
51
450
447
44
7
447
447
446

447
447
447

448
449
451

452
453
454

455
457
457
4
58
460
462
46
4
465
466
46
8
470
472
473
47
4
475
476
477

478
478
479

480
480
480

481
481
482

482
480
479
4
79
480
479
4
77
476
475
47
5
476
476
476

475
476
478

481
486
494

504
517
533

551
571
592
6
14
636
657
67
8
696
712
726
7
38
747
753
75
5
754
750
744

735
723
711

696
679
661

642
623
6
05
585
567
549
5
31
516
501
48
8
475
464
45
5
447
438
431

426
422
418

415
414
412

411
412
413
415

418
421
4
26
431
436
44
2
448
454
46
1
468
474
481
48
7
494
499
503

507
511
514

516
519
521

522
522
522

521
520
518
5
15
513
508
50
3
498
494
48
8
484
480
475

469
467
464

461
458
456

454
452
450

448
447
447
4
47
446
447
44
7
447
448
448

448
449
451

452
452
454
457

459
460
462

463
464
465

466
467
468

469
471
472
4
73
475
476
47
6
476
477
47
7
477
477
476

476
476
475

475
475
475

475
477
478

479
483
488
4
97
508
521
53
8
556
576
597

619
640
661
68
1
700
717
732

745
755
760

762
763
760

754
745
734

721
707
692
6
75
657
637
61
7
598
579
560

544
528
514

500
489
478

467
459
451

445
441
437

434
432
429
4
28
428
428
42
8
428
430
433

436
439
444
44
7
451
456
461

465
468
475

480
485
490

495
499
503

506
510
512
5
12
515
516
51
6
517
516
516

514
512
509

505
501
497

494
490
486

483
479
475
4
70
466
462
4
60
457
454
452
4
49
448
446

445
444
443
44
4
443
443
443

445
446
448

448
450
451

452
452
456

457
457
460
4
62
464
465
46
6
468
469
471

473
474
474

474
475
476

475
476
476

477
477
478
480

479
478
4
80
481
480
479
4
78
478
479
47
9
479
480

480
482
487
494

503
515
531

548
567
588

608
629
651
6
73
691
709
7
25
739
749
75
6
760
762
760

755
748
739

726
712
698

681
664
646

628
609
590
5
72
556
540
5
25
510
497
48
6
475
466
458
45
2
447
441
438

434
432
431

430
428
428

429
430
431

433
437
440
4
44
448
453
4
59
464
469
47
4
479
483
488

493
497
501
505

508
510

511
512
511

510
510
509
507

505
503
500
4
97
494
490
4
87
483
480
47
7
473
470
467

465
464
461

460
458
457

454
454
453

452
450
449
4
49
448
447
4
47
449
449
45
0
450
450
450

451
452
453

454
455
457

458
460
462
463

466
465
4
66
467
468
469
4
70
471
472
4
73
473
472
47
3
473
474
475

475
475
476

477
478
478

479
478
478

478
478
478
4
78
478
479
47
7
477
477
47
9
481
484
490

499
511
524
542

560
581

602
624
646

665
686
705
722

735
745
754
7
59
760
760
7
56
749
740
72
8
715
699
682

665
646
626

607
588
568

550
533
517

503
490
479
4
68
457
449
44
3
437
432
42
8
426
425
424

422
423
423

424
428
432
436

440
444
449

454
460
466

472
476
481
4
88
494
500
5
04
508
512
51
6
519
522
523

525
524
524

522
520
518

515
511
508

504
501
496
4
93
491
487
48
2
478
474
46
9
465
463
459

458
455
454

453
451
448

447
448
448

448
449
450
450

453
454
456
4
56
457
459
46
0
461
463
46
4
465
465
466

468
469
471

472
473
473

473
474
474

475
475
475
4
76
476
477
47
7
478
477
478

478
478
478

478
478
480
480

482
485
489

495
505

518
533
550
568

588
609
631
6
51
671
689
70
6
721
732
74
1
747
750
750

746
742
733

723
710
697

682
666
649

633
615
596
5
78
562
546
53
0
516
502
489

476
466
457

449
443
437
433

430
427
425

425
423
421

422
423
424

426
429
432
4
36
441
446
45
0
456
462
46
8
474
480
486

492
497
502

506
509
512

514
516
517

517
517
516
5
15
513
511
50
9
505
501
498

493
489
485
48
1
476
471

467
464
461
457

454
451
449

448
447
447

445
444
443
4
44
445
446
44
7
448
449
449

452
454
455

456
458
459

459
461
461

462
463
464
4
65
466
468
4
70
472
473
47
4
474
476
476
47
7
477
476
47
5
475
476
477

477
479
479

479
479
480

480
478
477

477
478
478
4
77
477
479
48
2
488
495
506

519
535
554

573
594
616

640
661
681

700
718
732
7
44
754
761
7
64
765
763
75
8
750
740
728

714
696
680

663
644
625
605

588
569
552

537
523
509

497
486
476
4
67
458
453
4
48
443
439
43
6
433
432
431

431
431
431

432
433
435

437
441
445

448
452
456
4
60
465
469
4
75
480
484
48
8
492
496
499

503
506
507
508

510
510
510

510
511
509

507
505
502

500
496
493
4
89
485
481
4
77
472
468
46
3
460
458
455

451
449
448

447
447
446

446
446
447

449
449
450
4
50
450
451
45
1
453
455
45
5
456
457
458
46
0
460
461
462

463
464
464

465
465
467

469
469
470

471
471
471
4
71
471
472
4
73
473
473
47
4
474
475
475

474
474
474

475
475
475

475
475
475

474
473
474
475

475
474
474
4
72
472
47
2
474
476
478
48
3
492
503
517

536
554
574

595
618
640

661
682
702

719
734
746
7
56
761
764
7
65
763
757
74
9
739
726
711

694
677
658

638
619
601
583

564
548
533

517
502
4
89
477
466
45
8
452
447
442
4
38
436
434
43
2
431
432
432

433
434
436

439
442
444

449
452
455

459
463
466
4
70
474
479
48
3
488
493
49
6
500
504
508

511
513
514

514
516
515

514
513
511

509
506
502
4
99
496
492
488
4
84
479
475
4
71
468
464
46
0
458
455
452

450
448
447

447
446
445

445
445
445

446
446
448
4
49
451
452
45
3
454
454
45
5
457
457
458

461
463
464
465

466
469

470
471
472
472

473
475
477

478
479
480
4
81
483
483
48
3
484
485
48
4
486
485
484

483
483
482

481
479
479

479
478
477

475
474
473
4
72
472
473
47
3
475
476
48
0
486
495
506

519
536
554
573

593
614

636
657
676
693

710
722
7
33
741
745
746
7
45
743
737
72
8
717
705
69
2
676
659
643

624
605
587

569
552
537

522
507
494

481
470
460
4
52
444
437
43
2
428
424
422

420
418
418

419
421
422

426
430
434
438

443
447
4
52
458
464
470

476
480
485
4
91
496
499
50
3
506
509
51
2
513
515
515

515
515
513

510
508
505

502
499
497

494
490
487
4
85
480
476
47
3
471
467
464

461
458
455

452
451
450

449
448
448
448

448
449
4
50
451
452
452

453
454
455
4
55
456
457
45
7
458
459
461

463
463
464

464
465
467

468
468
469

471
472
473
4
73
475
476
4
76
476
476
47
6
476
477
477

477
478
477

478
477
477
477

476
475
474

473
471
472

472
474
477

481
489
500
5
13
529
547
56
7
588
609
631

652
673
691

708
723
735

743
750
754

754
751
745
7
37
726
714
7
01
686
669
65
1
634
616
598
58
0
563
547

531
517
504

493
482
472
463

456
450
446

442
438
436

434
432
432
4
31
432
433
43
4
434
436
438

442
445
448

452
456
461

465
469
473

478
483
486
4
90
494
497
5
00
502
505
50
6
506
508
507

508
507
506

504
503
500
497

493
489
485

481
477
474

470
467
464
4
60
458
456
4
55
454
453
45
2
450
449
450

450
450
450

450
452
452

453
454
456

457
458
459
4
59
461
462
46
4
464
464
46
4
466
466
467
46
8
468
467

467
466
468
467

467
468
469

468
469
470

469
469
471
4
71
471
472
4
73
473
473
47
4
474
476
477

478
479
479

479
479
479

479
480
479

478
478
478
4
77
476
475
47
7
479
481
483
4
88
495
504

516
531
549

568
588
610
632

652
673
692

710
725
737

746
753
757
7
58
755
751
7
43
731
718
70
3
687
669
651

632
614
595

575
559
542

526
511
497

483
473
464
4
56
449
442
43
8
434
430
42
7
426
425
425
42
5
425
428
430

434
436
440

443
447
452

455
461
466

473
478
483
4
87
492
495
49
9
503
506
51
0
512
513
513

514
515
513

511
509
506

505
502
500

497
494
490
4
86
483
480
47
6
474
470
466
4
65
462
458

456
455
454
453

451
451
451

450
449
449

449
449
450

451
452
453
4
55
456
458
45
8
460
462
46
3
463
464
465

465
466
466

467
467
467

470
471
472

474
474
475
4
75
475
475
47
7
478
479
479
47
8
479
479
48
0
479
479
479

479
479
479

478
479
478

477
478
479

478
479
478
4
79
478
479
47
9
478
478
48
0
483
486
492

501
512
525

541
559
578

597
618
639

658
676
693
7
08
720
729
734
7
38
738
736
73
1
724
714
70
1
687
672
655

638
621
603

584
566
549

533
519
503

490
479
468
4
58
450
443
43
7
432
428
424

421
420
418

418
419
421

424
427
431

435
439
444
4
49
455
461
467

472
477
483
4
87
493
498
50
3
506
510
51
3
516
519
521

523
523
523

522
521
520

519
516
514

510
507
502
4
98
493
489
48
6
482
479
476

474
471
467

464
462
460

458
457
455

454
452
451
4
50
450
450
449

449
450
451
4
52
453
455
45
7
459
461
462

464
465
467

468
469
469

470
472
474

476
477
478

479
480
480
4
81
483
483
48
5
486
485
485

484
484
482

481
481
482

482
483
484

485
489
494
5
01
510
522
538

555
574
593
6
13
633
652
67
0
685
699
710

720
726
730

730
729
725

718
710
698

685
672
657
6
40
623
606
5
90
572
556
53
9
523
509
496

484
474
464

455
449
442

438
434
431

428
427
426
424

424
424
425

428
430
43
3
437
441
446
44
9
453
457
462

467
474
478

484
489
494

499
503
506

508
510
512
5
13
514
516
5
17
516
516
51
4
512
510
506

502
500
496

491
487
483

478
475
472
469

464
462
4
60
459
458
458
4
58
456
455
4
55
454
455
45
5
455
456
456

458
459
459

459
460
462

462
463
464

465
465
466
4
68
469
470
4
70
471
472
47
4
475
475
478

477
479
480

480
481
481

482
481
481
481

481
481
4
82
482
483
482
4
83
482
483
4
82
481
480
48
1
481
483
486

491
497
507

520
536
554

573
595
616

637
657
677
6
93
709
722
73
2
740
744
74
6
744
739
733
72
5
714
701

687
672
655
637

620
601
584

566
551
536

520
507
495
4
83
473
465
4
58
452
446
44
2
439
435
433

432
431
431

431
433
434

436
439
442

445
447
450
4
55
459
463
469
4
74
478
48
3
488
492
496
49
8
502
505

507
508
509
510

510
510
510

508
507
506

505
503
501
4
98
495
493
48
9
486
481
47
8
474
472
470

467
464
463

461
458
458

456
455
453

452
452
451
4
51
451
451
452
4
53
455
45
5
456
456
458
45
9
460
462
463

464
464

466
468
469
470

471
471
472

473
474
476
4
77
478
479
48
0
479
479
47
9
480
480
479

479
478
478

479
478
479

478
478
479

477
477
476
4
77
477
478
48
0
484
488
493

501
511
524

540
558
577
598

619
639
659

677
694
709

721
730
738

743
746
745
7
40
734
726
71
5
702
687
67
0
654
637
620

602
584
566

549
534
520
506

494
483

474
466
458
4
52
447
442
43
9
436
435
434
43
3
433
434

434
435
438
442

445
448
451

455
459
462

468
473
478

482
487
491
4
95
499
504
50
8
511
514
516

518
519
519

518
518
516

515
512
510

506
504
500

497
495
491
4
89
485
482
48
0
477
474
471
46
8
465
462
45
9
456
454
452

451
451
449

450
452
453

455
455
457

457
457
459
4
60
461
462
46
5
467
468
471

472
473
474

475
477
478

479
479
480

481
481
482
4
83
483
482
4
83
483
483
483
4
84
484
484
48
4
483
483
48
1
480
480
480

481
482
484

488
494
502

514
527
542

560
579
598
6
17
637
656
67
3
688
703
714

723
729
733

734
733
729

722
713
703

691
677
663
6
48
631
616
5
99
582
566
551
5
37
522
509

498
486
477
468

462
456
450

445
441
437

436
433
432

431
430
431
4
33
434
436
4
38
441
444
44
8
453
456
461
46
7
471
476

481
486
492

496
501
504

507
509
512
5
13
514
515
5
15
514
513
511
5
10
507
504
49
9
496
492
487

484
480
477

473
470
466

464
462
461

458
457
455
4
54
454
454
4
54
454
453
45
2
453
453
453

452
454
454

454
456
457

459
460
461

463
464
465
466

468
471
47
2
472
473
473
4
73
475
476
47
6
477
477
478

478
479
478

478
479
479

480
480
480

480
481
481
4
82
481
480
4
78
478
477
47
7
477
478
480

484
490
499

511
525
542

560
580
602

622
642
664
6
83
700
715
72
8
738
745
750
7
52
751
747
74
1
733
723
711

698
682
665

649
632
615

598
581
566

549
534
521
5
09
497
487
47
8
470
463
45
6
451
448
444

442
441
439

439
438
439

439
441
443
445

448
452
455

458
462
466
4
70
475
480
4
84
487
491
49
6
500
504
505

508
511
513

515
515
516

516
515
513

512
508
505
5
00
497
493
49
0
486
483
48
0
477
473
470

467
463
461

457
455
453

452
451
451
450

450
450
449

449
450
45
0
451
452
454
4
55
456
458
45
9
461
462
462

463
464
465

465
467
468

468
470
470

470
472
472
4
73
474
475
47
5
475
475
47
6
475
475
475

475
475
474

473
473
475

474
474
474
475

474
474
474

474
473
473
4
74
474
474
47
4
476
476
47
5
475
475
475

475
476
476

477
477
479

480
481
481

483
484
486
4
91
497
506
518
5
33
552
571

592
614
637

660
682
704
722

738
753
765

774
780
783

785
783
779

772
764
754
7
41
728
712
69
6
679
662
64
5
627
610
595

580
565
552

541
530
519

509
501
494

488
482
478
4
74
469
466
46
4
462
460
459

458
458
458

459
461
463
465

469
473

476
480
484
488

492
496
500

503
506
510
5
14
516
518
51
8
518
518
51
7
516
514
513

510
508
504

502
498
495

491
487
485

482
477
474
4
70
466
463
45
9
456
454
452

449
448
445

443
442
441
441

440
440
438

438
437
437

437
437
436

436
436
435
4
34
434
433
43
3
433
433
435

436
437
438

439
440
442

444
446
448

450
453
457
4
59
462
466
4
69
470
474
47
6
478
479
481

483
484
485
48
6
486
485

485
484
482
480

479
478
476

475
474
474

474
476
479
4
84
491
501
51
4
529
547
567

587
608
628

649
668
685

700
714
727

735
742
745
7
47
745
741
7
35
727
716
70
4
692
677
663

647
631
615

599
584
570
556

543
532
521

511
501
492

485
476
470

464
459
454
4
51
448
445
44
3
442
442
442

442
444
446

448
452
454

458
462
466

471
476
479
4
84
488
492
4
96
501
505
50
8
510
512
513
51
2
512
511
509

506
502
499

495
491
485

481
478
474

469
466
462
4
59
455
453
4
51
449
447
44
6
444
443
442

441
439
438

437
438
437

437
436
435

434
433
432
4
32
430
430
43
0
430
430
43
1
432
434
435
43
7
439
440
442

445
447
448

450
452
454

455
457
459

460
461
462
4
64
464
466
4
67
468
469
46
9
471
472
471

471
471
471

470
470
470

470
468
468

467
467
467
4
68
468
468
47
0
472
476
48
1
487
496
506
51
9
535
553
571

590
610
630

647
664
680

694
705
714

722
728
729
7
27
723
718
7
09
699
688
67
4
659
644
627

610
594
577

561
545
529

514
500
488

477
466
459
4
52
447
443
439
4
35
434
43
3
432
430
431
43
1
431
432
434

435
438
442

446
451
455

458
463
468

473
480
486
4
91
497
501
50
5
507
509
51
0
512
512
510

508
506
504

501
501
499

496
494
493
491

488
487
4
86
485
484
484
4
84
483
482
4
82
482
482
48
2
484
484
485

484
485
485

485
485
485

484
483
483

482
482
482
4
81
481
481
47
9
478
478
47
7
476
477
476

476
477
478

477
478
478

478
478
478

478
478
478
477

476
477
47
7
477
477
478
47
7
478
478
47
7
475
475
474

473
472
472

472
473
475

479
486
493

502
514
528
5
43
560
578
59
6
613
631
64
9
665
680
693

705
715
720
724

726
725
723

718
712

704
694
683
672

658
644
629
6
12
597
581
56
6
552
539
52
5
515
503
493

484
476
469

461
456
452

448
444
442

440
439
438
4
38
439
440
44
4
447
451
455

460
465
471

476
482
487

492
498
503

507
510
514
519

522
524
525

526
526
526
5
25
524
522
52
0
518
516
51
3
509
506
503

498
493
489

486
482
477

473
469
466

463
461
458
4
55
453
453
45
2
450
448
448

448
447
447

447
448
447

448
448
449

450
453
453
454

455
457
4
58
459
461
462
4
63
464
467
46
8
469
469
469

469
468
466

464
462
459

457
457
456

455
457
462
4
68
477
491
5
07
525
545
56
7
591
613
636

658
678
696

711
725
735

743
749
751
752

749
746
740

732
722
712

699
685
670
6
55
639
623
60
7
591
576
560

545
532
521

509
499
489

480
472
465

459
453
449
4
45
441
437
4
35
435
434
43
4
434
436
438

441
444
447

450
454
457

463
467
472
477

481
486
491

495
499
502

505
509
511
5
12
513
512
51
1
510
509
507

504
500
496

492
488
484

480
476
472

468
466
462
4
58
455
453
4
51
449
447
44
6
445
443
442
44
2
442
442

443
444
444

445
447
447
448

449
450
451

452
454
456
4
57
459
460
4
64
466
467
47
0
472
474
476

478
479
479

479
480
480

480
480
480

479
479
479
4
78
479
478
47
9
480
484
48
9
495
503
513

526
541
557
574

593
612
630

650
669
687

702
715
726

734
739
742
7
42
739
734
7
28
719
708
69
5
680
666
651

634
618
602

586
569
555

542
530
517

506
496
486
4
77
469
462
45
5
449
445
44
0
436
433
431
43
0
429
428

428
430
431
434

438
441
446

450
454
459

463
469
476
4
80
486
490
4
94
499
503
50
6
510
512
514

515
515
515

515
514
512

510
507
503

500
496
492
4
89
484
480
47
8
474
471
467
4
66
463
460

458
456
454
452

450
450
449

448
447
447

447
447
449

450
450
450
4
52
453
455
45
6
458
460
46
0
462
464
465

467
469
470

470
471
471

472
472
472
473

473
474
4
73
474
475
47
5
476
477
47
6
474
474
474
47
4
474
474
475

475
475

474
474
472
472

475
479
485

493
504
517
5
33
551
570
58
9
610
631
65
3
673
692
710

725
737
746

753
757
759

758
755
749

739
729
715
7
01
684
667
648
6
30
611
593

574
557
540

525
511
497
484

472
462
454

446
440
436

430
426
424

422
421
419
4
20
421
421
42
5
428
432
43
5
441
446
452

457
464
470

475
482
489

496
501
507

512
517
521
5
24
526
528
527
5
27
527
527
52
4
522
519
51
5
511
506
502

496
490
487

482
476
472

468
464
460

458
455
452
4
50
448
446
44
4
444
443
442

443
443
444

444
445
446

448
449
450

451
453
454
4
55
457
459
4
61
463
465
467
4
68
469
471
47
3
474
475
47
6
475
476
477

478
478
477

478
477
476

475
475
477

476
479
483
4
88
495
506
51
8
533
549
568

588
608
629

650
671
689
705

720
733

743
751
756
759

759
755
7
50
742
731
719
7
04
688
672
65
4
636
617
59
9
582
565
548

532
517
502

489
477
466

456
448
440

434
428
422
4
19
416
414
41
3
414
415
416

418
421
425

428
433
437

442
448
453
460

466
472
478

485
490
4
94
499
504
508
5
12
515
517
51
9
520
520
519

518
516
514

511
506
502

498
493
489

485
481
477
4
73
469
465
4
61
457
454
45
2
450
447
446

445
444
443

443
442
441
441

441
441

441
444
446
447

448
451
454

456
457
459
4
62
463
464
46
6
468
469
471

473
473
472

473
473
473

472
472
473

473
472
473
4
73
472
472
4
72
471
470
46
8
469
470
470

473
477
481

486
495
507

521
537
556

578
600
622
644

667
688
708
7
26
742
755
7
66
775
780
78
2
783
779
773

765
753
739

725
708
690

672
653
633

614
595
575
5
57
540
524
5
08
495
483
47
1
462
453
446
44
0
434
431

427
424
421

419
417
416
417

419
421
424

428
433
437
4
43
448
454
4
61
467
474
48
0
487
494
499

505
511
514

519
523
527

529
531
532

534
534
533
5
32
530
528
52
6
523
519
51
5
512
506
501
49
7
491
485

480
475
470
464

459
456
451

448
445
442

440
438
436
4
34
433
431
4
31
432
432
43
3
434
435
436

437
439
440

441
442
444

446
447
448

449
450
450
4
50
451
451
45
2
452
452
45
2
452
453
453

453
453
452

454
454
454
454

456
457
458

459
459
459

460
460
460
4
61
463
464
46
6
470
476
48
4
496
510
528

550
572
596

621
647
672

696
719
739

758
774
788
7
97
804
807
80
8
805
799
79
1
780
766
751
73
5
717
697

676
655
634
612

592
571
551

532
515
499

484
471
460
4
50
441
432
42
6
420
415
41
2
411
409
409

409
410
411

414
418
423

426
431
436

443
449
455
4
62
468
474
48
1
487
493
497

502
507
510
51
2
515
517

517
517
518

517
514
512
509

506
503
499

495
490
485
4
81
478
474
46
9
466
463
45
9
455
453
451

449
449
448

448
447
448

448
448
447

448
448
449
4
50
449
450
45
1
451
453
456
45
7
457
459

460
461
463
464

466
467
468

469
470
471

472
474
475

474
475
475
4
75
476
476
47
8
478
477
47
6
475
474
473

474
475
474

475
477
480

484
489
498

509
521
537
5
55
573
594
61
5
638
659
679

699
716
732
74
6
757
765
769

771
771
769

762
753
743

730
715
700

684
666
648
6
29
609
589
57
1
554
537
522

507
494
481

469
459
450

441
434
428

424
420
417
415

414
414
4
14
416
418
42
1
425
430
434

438
443
449
45
7
463
470
477

483
488
494

499
504
508

512
516
519

520
521
521
5
21
519
517
51
5
511
509
506

501
497
493

488
484
480

476
472
468

464
461
457
4
53
451
450
4
47
444
441
441
4
40
438
438

439
439
438
439

440
441
442

443
445
446

446
448
450

451
452
453
4
55
458
459
4
62
462
463
46
5
465
466
467

469
471
471

471
473
473

473
474
474

472
471
471
4
71
470
469
471

472
475
477
4
83
491
503
51
6
533
551

572
592
614
637

659
682
702

722
738
752

765
774
780
7
83
784
781
7
75
767
757
74
4
730
714
696

677
658
639

620
600
581

563
546
529

515
501
488
4
77
466
458
44
9
443
437
433
4
28
424
423
42
3
422
422
424

426
428
432

434
438
442

446
451
455

460
464
469
4
75
479
484
4
89
492
496
49
9
503
506
507

509
509
510

509
509
507

504
502
499

496
492
489
4
86
482
478
475
4
71
467
463
4
61
456
452
44
9
447
444
443

442
441
440

439
439
439

440
439
440

440
442
443
4
44
445
447
44
8
450
450
45
1
452
454
454

455
456
456

458
459
460

461
462
463

463
463
464
463

465
465
466
4
66
467
467
4
66
467
467
46
8
468
469
469

470
469
470

470
471
470

470
471
470

471
470
470
4
69
468
467
46
7
467
470
47
4
479
486
497

511
527
546

567
590
612
637

661
684
705

725
742
757

770
780
788
7
91
791
787
7
82
774
763
75
1
736
719
700

682
663
643

623
602
583

564
545
528

513
498
485
4
75
463
453
44
6
439
432
42
7
424
422
419

418
418
419

421
423
425
429

433
436
440

444
448
453

459
464
469
4
75
481
485
48
9
494
498
50
2
505
508
511

512
513
514

513
512
511

509
505
502

499
496
492
4
89
485
482
47
7
474
472
469

465
463
461

457
455
453

451
451
450

449
448
447

446
446
444
445

444
444
444
4
44
444
445
44
6
447
447
44
9
449
450
453

454
454
456

457
459
458

458
459
461

461
462
464
4
63
463
465
46
6
466
467
467

468
469
468
46
8
470
469
469

469
470
470

469
470
469

469
470
470

469
469
469
4
70
469
469
46
9
468
468
46
7
468
469
472

476
483
491

501
516
533

550
570
591

614
637
659
6
82
703
722
73
8
752
764
772

778
781
780

775
768
759
747

732
716

699
680
660
640

620
600
580

560
541
524
5
06
492
479
46
5
455
446
438

429
423
417

413
409
408

408
408
409

411
413
416
4
20
424
429
4
34
439
446
45
3
459
466
473

480
486
491

497
503
508

512
517
521
523

526
527
527

525
523
522

520
517
514
5
11
507
503
49
9
494
488
482

477
473
469

464
461
458

454
451
448

444
442
440
4
40
439
438
4
38
439
439
43
9
440
441
441

441
444
445

446
448
449
450

452
453

455
457
458
460

462
462
463

464
466
465
4
65
466
466
46
7
468
469
470

469
470
471

471
471
472

472
471
471

471
471
471
4
71
471
470
4
70
469
470
47
3
474
477
482

488
496
508
522

539
558
579

601
623
645

666
687
706

723
738
751
7
61
769
774
7
75
773
770
76
3
754
741
727

711
693
675

657
637
617

597
579
560

541
525
509
4
95
482
470
46
1
451
443
43
7
432
427
424
42
2
421
418
418

419
420
422

424
428
431

434
439
444

449
453
458
4
64
469
473
4
79
484
487
49
3
497
501
506

509
512
515

517
518
518

519
517
516

514
512
508
5
04
501
496
49
0
486
482
47
7
472
469
464
46
1
457
454
451

450
448
447

444
442
442

441
440
440

441
441
442
4
42
443
444
4
45
446
448
44
9
450
452
453

454
454
455

457
458
458

460
461
461

462
464
465
4
66
467
468
46
9
470
470
472
4
72
473
474

475
476
475
476

476
475
474

474
474
473

472
473
472

471
470
470
4
72
471
470
47
0
471
470
47
0
471
472
471

473
476
479

484
492
504

518
534
554

575
597
621
644

668
691
711
7
31
748
762

774
783
788
79
0
789
786
779

769
758
745

729
711
693

673
651
631

610
591
571
5
52
534
516
50
0
487
475
46
4
454
446
439

432
427
424

420
417
416

416
416
418
420

423
425
4
29
433
439
443
4
49
455
461
46
6
472
479
48
5
491
496
502

506
509
512

515
516
518

519
520
520

518
516
515
5
11
507
504
50
1
496
491
48
7
482
477
473

470
467
464

462
460
457

455
453
452
449

447
447
4
46
446
445
444
4
43
444
443
44
4
444
445
44
5
446
447
448

450
451
453

454
455
457

458
459
460

461
463
464
4
66
466
466
46
6
467
467
468

469
469
470

469
470
471

471
471
472

473
473
472
4
72
472
471
472

472
471
470
4
70
471
470
46
9
470
470
46
9
469
469
470

470
470
471

471
471
472

473
475
478

483
490
500
5
13
529
547
56
6
586
608
632

653
675
696

715
734
748

761
770
776
780

779
777
7
72
764
754
740

725
709
692
6
74
653
634
61
6
596
576
557

539
522
506

492
480
468

457
449
441

433
427
423

419
417
415
4
15
414
415
41
7
420
423
426

430
435
440

446
452
458
464

470
476

483
488
495
501

506
511
5
15
517
519
521
5
22
521
521
52
0
519
518
514

512
510
506

502
498
495

491
487
482

479
475
471
4
68
464
461
4
59
457
455
45
4
452
451
449
44
7
446
446
44
5
445
446

447
448
448

449
451
452
451

454
455
456

458
459
461
4
62
465
467
46
9
468
469
470

470
471
472

473
474
474

475
476
476

476
476
476
4
76
475
475
4
75
474
473
47
3
473
471
472

471
472
472

472
472
471

471
471
472
473

473
473
474

477
482
489
4
98
510
524
5
41
560
580
59
9
621
643
664

685
705
722

737
751
761

769
772
774

773
769
761
7
52
741
727
7
12
694
676
65
6
637
617
596

576
557
539

521
504
490

476
462
451
441

434
426
420

415
412
409
4
08
407
407
4
08
411
414
41
7
422
426
431

436
441
449

454
461
467

474
481
486

491
497
503
5
07
511
515
51
8
521
523
52
4
524
523
522

521
518
515
512

510
505
501

497
492
486

482
477
475

470
467
464
4
61
458
456
4
55
452
450
45
0
448
447
447

447
447
447

446
446
447

447
448
449

449
450
451
4
52
454
454
45
5
456
458
45
9
461
461
462
46
3
464
465
466

466
468

467
467
469
469

469
469
469

469
469
470
4
70
471
471
47
2
472
472
47
2
474
474
475

475
476
476

477
476
476

476
476
475

475
474
472
4
72
472
472
47
3
474
478
48
2
488
497
509
52
4
541
561

583
604
627
651

674
695
716

735
750
762

773
780
785
7
86
784
780
77
2
761
749
73
5
719
701
682

664
644
623

604
585
566

547
530
513

498
485
473
4
62
452
444
43
7
432
426
422

420
417
416
41
5
416
416
419

422
425
430

435
440
446

452
458
463

468
474
480
4
86
491
496
50
0
505
507
51
0
513
515
516

517
518
518

517
517
516
514

512
510

508
505
500
4
96
492
487
484
4
80
476
471

467
465
461
45
7
454
453
451

449
448
448

449
448
447

448
447
447

447
446
446
4
46
447
447
44
8
448
450
450

451
452
453

455
456
458

458
459
461

462
463
465

466
467
468
469

470
472
47
2
473
475
475
47
6
475
474
47
3
474
473
473

473
472
471

472
472
471

471
471
471

472
472
471
4
71
470
470
47
1
471
471
470

470
470
470

471
472
471
472

472
473
473

475
479
4
85
493
503
516

533
550
56
9
590
613
635
65
7
679
701
72
1
739
755
768

777
785
788

787
785
779

771
760
748

732
716
696
6
78
659
638
61
7
596
577
557

539
523
506

491
479
468

458
450
443

438
432
427
4
24
422
421
4
20
421
422
42
4
427
430
433
43
7
441
445
449

454
459
466

470
475
479

485
490
493

499
503
507
5
10
512
514
5
15
516
518
51
8
517
516
515

513
510
507

503
500
496
493

490
486
482

478
475
4
72
468
465
4
61
457
455
454
4
52
450
448
44
8
447
446
445

446
447
446

447
447
447

449
450
452

452
453
454
4
55
456
457
4
58
459
460
46
0
460
460
461

462
464
464

465
466
466

467
467
468
469

471
473
4
74
475
476
477

478
478
478
4
78
479
478
47
6
476
477
477

477
477
477

477
477
476

475
475
475

476
475
474
4
74
474
474
4
73
473
474
47
6
481
488
498

510
524
542

562
583
605

626
648
670

689
707
725
740

751
761
767
7
71
772
770
7
64
756
746
73
4
720
704
687

668
649
628

609
590
572

553
537
520

504
491
479
4
68
459
450
44
2
436
430
42
6
423
420
419
41
8
418
419

423
427
431

435
440
446
451

456
461
468

474
481
488
4
94
501
505
5
11
516
519
52
4
527
530
532

533
532
533

531
529
528

525
522
518

514
509
504
5
00
496
492
48
7
483
480
47
5
471
469
466

463
461
459

456
454
453

452
452
450
450

449
448
448

448
448
448
4
49
448
449
4
50
451
453
45
5
456
457
459

460
461
463

464
467
468

469
471
473

474
475
476
4
76
475
476
47
7
477
477
47
8
478
478
477

476
475
474

474
474
473
472

471
470
470

469
471
473

477
484
493
5
03
517
532
55
1
571
591
61
3
635
656
678

697
715
731

744
756
764

769
770
770

766
760
751
7
40
726
712
69
5
677
659
640

621
603
584
56
5
548
530
515

500
488
476

464
455
448

440
435
431

426
423
420
4
19
420
419
42
0
423
425
42
7
431
435
440

445
449
455

461
466
471

478
483
488

495
501
506
5
11
514
518
52
0
522
524
525

523
522
520
51
8
515
512
508

506
502
498

494
491
486

481
477
473

469
466
464
4
60
457
455
45
3
451
450
44
9
448
447
446

445
445
445

446
447
447

448
450
450

452
453
454
4
55
455
457
45
8
459
460
461
46
3
464
464
46
6
466
466
467

468
469
469

469
468
470

469
469
471

470
470
470
4
71
470
470
46
9
470
470
470

470
470
470

470
470
472

473
477
481

490
498
510
5
25
542
560
5
80
602
624
64
7
669
691
710

728
744
757
76
8
775
779
782

780
776
771

763
752
739

726
710
692

674
655
635
6
17
597
578
56
1
543
528
514

500
488
478

468
459
451

447
442
437

433
430
429
427

427
428
4
30
431
434
437
4
41
446
450
45
3
458
462
468

474
479
483

489
494
498

502
506
509

511
514
515

516
516
516
5
16
515
513
51
1
508
505
501

498
494
490

486
482
478

472
470
466

462
459
457
4
54
451
448
4
47
446
444
44
4
444
444
443
44
2
443
443
443

444
445
446

445
448
449

450
451
453

455
457
458
4
59
460
460
4
60
460
461
46
1
462
464
465

465
466
467

468
469
470

471
471
471

472
474
475
4
75
475
477
47
6
475
476
47
5
474
474
474
47
3
472
472
471

471
471
473

475
478
484

492
502
514

531
549
568
5
87
609
632
6
55
676
695
71
3
730
744
756

766
772
776

776
773
768

760
751
738

724
708
692
6
74
655
637
617
5
98
581
563
5
47
532
517
50
4
491
480
471

463
457
452

448
444
440

436
434
432

430
430
431
4
32
433
436
4
39
443
446
45
1
455
460
464

469
475
481
487

493
498

504
508
511

515
518
519
522

522
521
519
5
18
515
513
5
11
508
504
50
1
498
495
491

488
484
481

477
473
469

467
464
462

461
459
456
4
55
453
453
45
2
451
450
44
9
448
447
448

448
449
450

451
452
452

454
455
456
458

459
460
4
61
462
464
46
5
466
466
468
4
69
471
471
47
3
473
473
475

475
474
474

473
474
474

473
473
474

473
474
474
4
73
473
471
47
1
470
470
47
0
469
470
471

474
478
484

493
506
520

537
556
577

597
620
641
664

685
704
721
7
38
750
760
76
8
773
773
77
2
769
762
755

744
731
717

699
681
663

645
626
607

588
570
551
5
35
520
505
49
3
481
470
46
1
451
444
437

431
428
424

422
420
419

419
419
420
423

425
429
433

438
442
447
4
52
458
464
46
9
475
482
48
8
494
500
505

509
512
516

519
520
520

520
519
518

517
513
511
5
07
503
500
49
7
492
487
483

478
473
469

465
460
456

452
450
448

445
443
441
439

439
438
438

437
437
437
4
37
438
439
44
0
441
442
44
4
445
447
448

451
453
455

456
458
459

461
462
463

466
466
466
4
66
467
468
46
9
469
468
469
46
9
470
469

468
468
468

468
469
468

467
468
468
469

470
470
470

470
470
469
4
69
469
468
46
7
468
468
468

469
469
470

470
470
472

475
479
486

496
509
524

542
563
585
6
07
630
654
67
7
699
720
739

756
771
783

791
796
800
799

796
789
779

767
753
736

719
700
680

660
639
619
5
99
580
562
54
5
529
513
500

488
477
467

459
451
445

440
437
434

431
430
430
4
30
431
432
4
34
435
437
44
1
444
448
453

458
462
467
47
2
477
481

485
490
496
501

505
509
512

515
515
516

516
516
515
5
14
512
510
50
8
506
503
499

496
492
488

484
480
476

471
467
464

460
456
452
4
48
446
444
4
43
442
441
44
0
439
440
440

439
440
441

442
443
444
445

447
447
448

450
450
451

453
453
454
4
54
455
455
4
55
456
457
45
8
459
461
462

463
463
464

464
465
465

465
466
466

466
466
465
4
65
465
465
4
65
465
464
46
4
464
462
462

462
461
460
460

461
461
462

462
462
462

464
465
464

464
464
465
4
64
464
464
4
65
466
467
46
8
471
474
480

489
500
512

528
547
568

589
613
638

661
683
705
7
25
743
758
77
0
780
786
78
9
791
790
783
77
3
762
749
732

715
697
678

659
640
620

600
581
561

541
524
509
4
94
480
469
4
59
451
444
43
7
432
428
425

422
421
421

420
419
421

424
426
428

431
436
440
445

450
455
46
0
466
473
47
8
484
490
496
50
0
505
509
513

516
518
519

520
519
517

516
515
512

511
508
505
5
01
497
