
914909
909
909
909
909
909
909
909
909
909
909
909
909
909
909
909
909
909909
909
909
909
909
909
909
909
909
909
909
909
909
909
909
909
909
909
909
909
909
909
909
909
909
909
910
910
910
9
10
910
910
91
0
910
910
910

910
910
910

910
910
910

910
910
910

910
910
910
9
10
910
910
9
10
910
910
91
0
910
910
910

910
910
910

910
910
910

910
910
910
910

910
910
910

910
910
909
9
10
910
910
9
10
910
910
91
0
910
910
910

910
910
909

910
909
910

910
910
910

910
910
910
9
10
910
910
9
09
909
909
90
9
909
910
909

909
909
909

909
910
910
909

909
909

884
862
841
821

804
788
773
7
61
750
741
7
33
727
722
71
8
717
719
723

729
739
753

771
794
819

849
882
909

909
909
910
9
09
910
909
91
0
910
910
91
0
910
910
910

910
910
910

910
910
910
910

910
909

910
910
910
910

910
910
910
9
10
910
910
9
10
910
910
91
0
910
910
909

910
910
910

910
910
910

910
910
910

910
909
910
9
10
910
910
91
0
910
910
91
0
910
910
909
91
0
910
910

910
910
910
910

910
910
910

910
910
910

910
910
910
9
10
909
910
91
0
910
910
90
9
910
910
910

910
910
910

910
910
910

909
909
909

909
909
909
8
82
858
834
81
1
787
766
74
6
727
710
695
68
2
671
661
654

650
649
652

658
669
685

705
730
758

790
823
858
8
95
910
910
91
0
910
910
91
0
910
910
910

910
910
910

910
910
910

910
910
909

910
910
910
9
10
910
910
910
9
10
909
910
9
09
909
910

909
909
910
899

871
846
822

800
782
767

755
746
741

739
739
741
7
44
750
758
76
6
774
783
79
3
802
811
820

828
835
842

848
853
858
860

863
864

865
863
861
859

856
852
84
8
843
838
834

828
822
817
81
2
807
803
799

795
791
789

786
785
784

783
783
784

786
787
790
7
92
794
797
80
1
804
807
811

815
817
821

824
828
832

835
838
840

844
847
852

858
867
878
892

907
909
91
0
910
910
910
91
0
910
910
91
0
910
910
910

910
910
910

910
910
910

910
910
910

910
910
910
9
10
910
910
91
0
910
910
910

909
910
910

910
910
909

910
909
910

879
844
809
7
77
749
724
703

685
672
662
6
55
651
650

651
655
660
66
8
677
685
694

704
713
723

731
739
746

752
758
763

764
766
766
7
65
764
761
75
9
756
753
749

745
740
735

730
725
720

716
711
706

703
699
696
6
93
690
687
6
86
683
682
681
6
81
681
681
68
1
680
680
680

681
682
684

685
687
689

693
699
707

717
729
745
7
64
786
812
8
40
871
903
90
9
909
909
909

909
909
909

910
910
909

909
909
909
909

909
910
9
09
909
909
909

910
910
910
9
10
909
909
91
0
910
910
909

909
909
909

909
909
909

910
910
909

910
909
909
9
09
909
895
8
72
851
832
81
6
802
791
783

777
771
768

766
767
767

768
770
773

776
780
783
786

790
792
794

794
794
794
7
95
794
793
79
2
790
787
785

782
778
774

770
767
765

762
760
758

757
755
754
7
54
754
754
7
54
755
757
76
1
766
773
782

794
810
830

853
879
907

909
909
909
909

909
910
909

910
910
910
9
10
910
910
9
10
910
909
91
0
910
910
910

910
910
910

910
910
910

910
910
910

910
910
910
9
10
910
909
9
10
910
910
91
0
910
910
910

910
910
910

910
910
909

910
910
910
910

909
910
909

910
910
910
9
09
909
909
9
09
909
909
90
9
909
909
909

909
909
909

886
869
851

835
820
805

792
779
769
7
59
750
742
73
5
730
725
72
1
717
714
712

712
712
713
716

721
728

737
749
764
783

807
835
866

899
909
910
9
09
910
910
9
09
910
910
91
0
910
910
910

910
910
910

910
910
910

910
910
910

910
910
910
9
10
910
910
91
0
910
910
91
0
910
910
910

910
910
910

910
910
910
910

910
910

910
910
910
910

910
910
910
9
10
910
910
91
0
910
910
91
0
910
910
910

910
910
910

910
910
910

910
910
910

910
910
910
9
10
910
910
91
0
910
910
91
0
910
910
910

910
910
910

910
910
910

910
910
909
867

830
795
762

733
708
688
6
74
664
661
66
6
677
694
71
9
750
785
824

866
906
910

910
910
910

910
910
910

910
910
910
9
10
910
910
91
0
910
910
910

910
910
910

910
910
910
910

910
910

910
910
910
910

910
910
910

910
910
910
9
10
910
910
91
0
910
910
91
0
910
910
910

910
910
910

910
910
910

910
910
910

910
910
910
9
10
910
910
91
0
910
910
910

910
910
910
91
0
910
910

910
910
910
910

910
910
910

910
910
910

910
910
910
9
10
910
910
91
0
910
910
91
0
910
910
910

910
910
910

910
910
910

910
910
910

910
910
910
9
10
910
910
91
0
910
910
910
91
0
910
910
91
0
910
910
910

910
910
910

910
910
910

910
910
910

910
910
910
9
10
910
910
91
0
910
910
910

910
910
910

910
910
910

910
910
910

910
910
910
9
10
910
910
9
10
910
910
910
9
10
910
910

910
910
910
91
0
910
910
910

910
910
910

910
910
910

910
910
910

910
890
854
8
21
788
757
72
9
703
679
659

641
625
613

603
596
590

587
585
585
586

587
591
5
94
599
605
6
11
617
624
63
2
641
650
661
67
4
688
706
728

753
782
815

849
887
910

910
910
910

910
910
910

910
910
910
9
10
910
910
91
0
910
910
910

910
910
910

910
910
910

910
910
910

910
910
910
9
10
910
910
9
10
910
910
910
9
10
910
910
91
0
910
910
910

910
910
910

910
910
910

910
910
910

910
910
910
9
10
910
893
8
71
849
829
81
0
792
775
760

745
732
720

709
699
689
681

673
665
659

653
647
6
42
638
635
63
2
629
626
624
6
25
624
623
62
3
623
623
623

624
625
626

627
629
630

633
634
636

638
640
642
6
44
645
646
6
48
650
653
65
5
659
665
673

684
699
718

741
768
798

832
867
904

910
910
910
9
10
910
910
91
0
910
910
910
9
10
910
910

910
910
910
910

910
910
910

910
910
910

910
910
910

910
910
910
9
10
910
910
9
10
910
910
91
0
910
910
910

910
910
910

910
910
910

910
910
894

864
836
811
7
89
771
755
74
1
729
720
713
7
08
704
700
69
9
699
700
700

701
703
704

706
708
709

710
710
710

710
709
708
7
07
705
704
70
2
699
697
69
4
691
689
687

685
682
679

676
676
675
674

675
676
677

678
680
6
81
683
685
687
6
90
692
693
6
96
699
702
70
5
707
710
713

716
721
726

733
743
756

771
791
816

843
874
906
9
10
910
910
91
0
910
910
91
0
910
910
910

910
910
910
910

910
910

910
910
910
910

910
910
9
10
910
910
910
9
10
910
910
9
10
910
910
91
0
910
910
910

910
910
910

910
910
910

910
910
910

910
910
910
9
10
910
910
91
0
910
910
91
0
910
910
910

910
910
910

893
872
851
830

810
792
773

756
740
7
24
710
698
687
6
77
669
662
65
6
651
647
64
3
641
640
641

642
644
647

649
654
657

661
665
670

675
679
684
6
90
694
699
70
4
709
714
719
7
23
728
732

736
740
743

748
752
757
764

770
778

788
801
816
834

855
879
906
9
10
910
910
91
0
910
910
91
0
910
910
910

910
910
910

910
910
910

910
910
910

910
910
910
9
10
910
910
91
0
910
910
910

910
910
910

910
910
910

910
910
893

857
823
792
764

738
716
697

681
668
658
6
51
647
645
64
7
649
655
66
2
671
680
691

703
714
725

736
746
756

765
772
779

784
787
789
7
91
790
788
78
5
780
774
766

759
750
739

728
718
707
696

685
674

666
657
648
641

636
632
628

625
623
622
6
23
623
625
62
7
630
635
639

644
651
657

666
677
691

707
727
749

775
803
835
8
70
904
910
9
10
910
910
91
0
910
910
910

910
910
910
91
0
910
910

910
910
910
910

910
910
910

910
910
910

910
910
910
9
10
910
910
91
0
910
910
910

910
910
910

910
910
910

910
910
910

910
885
862
8
42
823
807
7
92
780
770
76
2
755
750
746

744
743
744

744
746
747
749

751
754
755

757
758
758

758
756
755

754
752
748
7
45
741
737
73
3
729
724
719

713
710
706

702
700
697

694
693
692

690
689
688
6
87
687
688
6
88
690
690
692
6
94
696
698
70
1
703
708
712

716
722
728

734
741

749
758
768
781

797
815
833
8
54
876
897
9
10
910
910
91
0
910
910
910

910
910
910

910
910
910

910
910
910

910
910
910
9
10
910
910
910

910
899
86
9
842
816
791

768
747
726

708
691
677
664

653
642
635

627
622
617

613
611
610
6
11
613
615
6
20
625
630
63
8
646
654
663

672
681
690

699
708
716

724
730
736

742
747
751
7
55
759
762
76
6
767
769
769
7
70
769
767
76
5
763
759
755

751
746
741

734
728
722

715
708
701

692
684
675
6
67
659
651
6
43
636
629
62
3
618
614
612

611
610
611

614
616
620

625
631
637

641
647
654
6
61
669
678
68
8
702
718
738
7
61
786
814
84
5
876
907
910

910
910
910

910
910
910

910
910
910

910
910
910
9
10
910
910
91
0
909
910
91
0
910
910
910

910
910
910

910
910
910

910
910
910

910
910
910
9
09
866
831
80
0
770
744
72
0
702
685
672
66
1
655
650
649

649
652
657

663
670
677

684
690
697

703
708
713
7
16
717
717
71
6
714
709
70
5
698
692
685

676
668
659

650
641
633

625
617
609

602
595
589
5
81
575
570
56
5
559
554
549
5
44
541
538
53
5
532
531
529

528
527
527

527
528
529

531
537
544

553
567
584
6
05
631
659
69
1
726
762
80
1
840
878
909

910
910
910

910
910
910

910
910
910

910
910
910
9
10
910
910
910
9
10
910
910
91
0
910
910
91
0
909
910
910

909
910
910

910
901
863

827
795
765

737
712
690
6
72
656
644
63
5
629
626
62
4
625
628
633

639
647
655

664
672
680

688
694
700

706
710
711
713

714
714
712
7
09
706
702
69
8
693
688
68
3
678
672
667

661
655
650

646
641
637

631
627
623

618
615
611
6
08
606
604
60
2
601
602
605

609
615
625

638
655
676

702
731
763

799
836
874
9
08
910
910
910

910
910
910
9
10
910
910
91
0
910
910
91
0
910
910
910

910
910
910

910
910
910

910
910
910

910
910
910
9
10
910
910
91
0
910
910
910

910
910
876

839
804
771

741
716
695
676

660
649
640

633
630
628

629
631
635
6
40
646
652
66
0
667
673
680

687
692
697

700
703
706

707
707
708

707
708
709

710
712
713
7
16
719
722
72
5
729
732
736
73
9
741
742
74
4
745
745

744
742
740

737
734
731
731

733
738
746

758
774
795
8
18
844
874
90
4
910
910
910

910
910
910

910
910
910

910
910
910

910
910
910
9
10
910
910
9
10
910
910
91
0
910
910
910

910
910
910

910
909
875

846
820
793

768
747
727
708

694
681
671

663
656
652
6
49
649
650
65
2
656
661
667

674
681
687

695
702
707

712
718
721

723
725
725
7
23
722
719
7
16
714
709
70
5
700
696
691
68
5
680
675

670
664
659
654

650
646
642

639
635
632

630
626
623
6
20
619
616
6
15
615
614
61
4
615
619
624

632
644
659

678
701
729

761
797
836

876
909
910
9
10
910
910
9
10
910
910
91
0
910
910
910

910
910
910

910
910
910
910

910
910
910

910
910
910

910
910
910
9
10
910
910
9
10
910
910
91
0
910
910
877

841
806
774

746
720
698

679
663
650

639
631
626
6
22
621
621
62
2
625
631
636
6
41
646
653

659
664
669

674
677
680
682

683
684
683

681
679
677

673
670
667
6
65
662
658
6
55
652
649
64
6
642
640
637

634
632
630

628
626
625

624
624
623

623
624
624
6
24
624
624
62
3
623
624
623
6
25
628
634
64
1
652
667

685
708
736
768

804
842
882

910
910
910

910
910
910
9
10
910
910
9
10
910
910
91
0
910
910
910

910
910
910

910
910
910

910
910
910

910
910
910
9
10
910
910
91
0
910
910
91
0
910
910
883
84
7
815
785
758

734
714
694

679
667
658

651
646
644

643
644
648
6
51
656
662
66
8
674
679
68
5
690
693
696

698
700
701

700
700
698

696
694
692

690
688
685
6
81
677
674
67
0
666
663
660

656
652
648

644
641
638
635

633
631
631

629
628
627

627
627
627

627
628
630
6
35
640
649
66
1
677
696
72
0
747
778
813

849
886
910

910
910
910

910
910
910

910
910
910
9
10
910
910
910
9
10
910
910
91
0
910
910
91
0
910
910
910

910
910
910

910
910
910

910
910
910

874
840
810
7
80
753
730
70
9
692
678
66
6
657
651
648

647
649
653

658
665
672

679
686
694
701

708
713
7
19
723
725
727
7
28
727
724
72
2
719
715
71
0
704
698
691

684
677
671

665
659
654

650
645
643

641
639
638
6
36
635
634
63
3
631
630
628

627
625
623

621
621
622

624
627
634

645
659
677
699

726
757
7
91
826
864
902
9
10
910
910
91
0
910
910
91
0
910
910
910

910
910
910

910
910
910

910
910
910

910
910
910
9
10
910
910
91
0
910
910
910

910
910
910

890
858
827

797
770
745

723
702
684
6
69
656
645
6
38
632
628
626
6
27
627
630
63
4
639
643
64
9
654
659
665

670
675
679

683
685
687

688
688
688

687
685
684
6
82
679
677
67
3
670
666
662

658
654
649

645
640
638

633
628
623
619

615
611
608

606
603
602

601
599
599
5
99
601
602
60
6
612
622
635

652
674
701

731
765
803

844
884
910

910
910
910
9
10
910
910
9
10
910
910
91
0
910
910
910

910
910
910
91
0
910
910
910

910
910

910
910
910
910

910
910
910

910
910
910
9
10
883
849
81
8
786
758
731

709
688
670

655
643
635

629
624
622

622
624
627
6
31
636
642
6
48
654
659
66
4
669
673
674

677
679
681

681
682
681
679

678
675
672

669
664
661

657
654
650
6
46
642
639
6
37
634
632
63
0
629
626
625

624
623
623

622
622
621

621
621
622

622
622
623
6
24
625
625
6
25
625
624
62
2
622
622
622

622
622
624
628

635
645

659
677
700
727

759
794
832

871
908
910
9
10
910
910
9
10
910
910
91
0
910
910
910

910
910
910

910
910
910

910
910
910

910
910
910
9
10
910
910
91
0
910
910
91
0
910
910
910

910
910
869
834

801
770
742

718
697
679

662
651
642

635
631
629
6
31
633
636
6
41
645
650
65
5
661
666
671

675
679
681

683
684
683

682
680
679

678
674
670
6
67
663
660
65
4
649
645
640
6
34
628
623

618
613
607
603

601
598
594

592
589
587

586
585
585

585
585
586
5
86
587
588
5
88
589
591
59
3
595
597
599

600
602
604

607
609
610

612
614
615

617
619
621
6
22
623
625
629
6
35
643
65
5
671
691
716

745
778
813
851

890
910
910

910
910
910

910
910
910

910
910
910
9
10
910
910
91
0
910
910
91
0
910
910
910

910
910
910

910
910
910

910
910
910
910

910
910
909

866
830
79
6
764
733
707
6
84
664
648

634
623
615
608

604
603
603

606
611
616

623
629
637

644
652
658
6
64
670
674
67
8
682
683
68
4
684
683
681

679
676
673

669
664
659

654
648
642

636
630
626
6
21
616
611
607
6
03
600
596

593
591
590
58
9
587
586
587

587
586
587

588
589
591

592
594
597

598
600
603
6
05
607
610
61
2
613
614
61
6
617
618
621

623
626
631

638
650
665

683
708
736

768
803
840
8
79
909
910
91
0
910
910
910
91
0
910
910
91
0
910
910
910

910
910
910

910
910
910

910
910
910

910
910
910
9
10
910
910
91
0
910
910
910

910
895
858

820
786
755

726
699
677

658
642
630
6
20
612
609
608

608
612
61
7
623
632
640
64
9
659
669
67
7
685
693
701

707
713
717

720
722
722

721
719
716

713
709
705
7
00
694
689
68
4
677
671
666

661
656
652

648
645
641

638
634
632
629

626
624
6
23
622
622
621

620
620
620
6
20
620
620
62
1
622
623
62
6
628
632
639

647
659
674

694
718
746

778
814
851

890
910
910
9
10
910
910
91
0
910
910
910

910
910
910

910
910
910

910
910
910

910
910
910
9
10
910
910
910

910
910
910
9
10
910
910
91
0
910
910
910

910
910
910

910
880
842

808
776
748

723
702
683
6
69
658
650
6
45
643
641
64
1
643
646
650

655
660
665

670
675
680

684
688
691

694
696
695
6
96
695
694
693

690
687
683
6
79
674
668
66
3
659
654
649

644
640
636

632
629
626

624
622
620

617
616
615
6
13
612
611
6
10
609
609
61
0
609
609
610

613
615
619

626
636
651

669
693
722
755

792
833
875

909
910
910

910
910
910
9
10
910
910
91
0
910
910
910

910
910
910

910
910
910

910
910
910

910
910
910
9
10
910
910
9
10
910
910
91
0
910
910
910

910
910
910

910
910
910
910

870
834
801

771
744
721

702
686
673
6
63
657
653
6
51
651
651
65
3
657
661
667

671
676
681

685
688
691

693
695
694

695
694
691
6
89
685
682
67
8
671
667
66
2
657
652
648

645
641
637

633
629
626
622

619
616

615
613
612
6
11
610
611
611
6
12
612
612
6
14
616
617
61
9
620
621
623

624
626
628

628
629
630

631
635
639

644
652
664
6
80
700
726
75
6
792
831
87
4
910
910
910

910
910
910

910
910
910

910
910
910
910

910
910
910

910
910
910
9
10
910
910
9
10
910
910
91
0
910
910
910

910
910
910

910
910
910

910
910
910

910
910
910
9
10
910
910
91
0
910
890
85
4
821
792
768

746
727
713
701

693
687

684
682
681
681

683
685
689

692
695
698
6
99
700
701
70
1
699
698
69
6
693
689
686

681
677
672

666
660
655

651
646
643

640
638
636
6
34
632
631
63
1
630
629
62
8
627
626
626

626
626
626

625
624
624
624

625
626
628

629
631
633

635
636
638
6
41
642
645
64
7
649
651
65
0
650
649
647

646
646
644

644
644
643

641
641
642

646
652
661
6
75
693
717
74
6
779
818
859

902
910
910

910
910
910

910
910
910
910

910
910
910

910
910
910

910
910
910
9
10
910
910
91
0
910
910
91
0
910
910
910

910
910
910

910
910
910

910
910
910

910
910
910
9
10
910
883
84
4
808
775
747

722
701
683

669
658
650
645

642
642
643

646
651
655

660
665
670

674
678
681
6
85
688
688
68
9
690
688
685

682
679
675

670
666
661

655
650
645

639
633
627

622
617
612
6
08
605
601
59
9
596
594
592
59
1
591
591

590
592
592
593

595
597
599

600
603
606

608
611
614

618
622
626
6
30
634
636
63
9
641
643
644

646
647
648

649
651
652

652
651
651

650
650
650
6
50
652
655
6
61
670
682
69
9
721
748
779
81
3
852
891
91
0
910
910
910

910
910
910

910
910
910

910
910
910

910
910
910
9
10
910
910
91
0
910
910
910

910
910
910

910
910
910

910
910
910

910
910
910
9
10
910
910
9
10
910
910
910
8
67
828
792
76
0
732
707
686

671
658
649

643
640
639

639
641
644

650
654
661
6
68
674
679
6
84
689
692
69
4
697
697
697

697
696
694
69
2
688
685

680
675
671

666
663
659
6
54
651
647
6
43
640
639
636
6
34
633
632
63
0
629
627
625

625
624
623

621
621
621

622
623
623

625
628
630
6
32
634
636
6
38
640
641
64
2
643
644
645

645
646
647

647
650
652
656

663
672

685
703
725
752

783
817
85
3
891
910
910
9
10
910
910
91
0
910
910
910

910
910
910

910
910
910

910
910
910

910
910
910
9
10
910
910
9
10
910
910
91
0
910
910
910

910
910
910

894
851
810
770

733
700

670
643
619
601

585
573
566
5
61
559
561
5
64
569
576
58
5
595
606
618

631
643
656

668
679
689

698
706
711

715
717
717
7
17
715
713
7
08
704
698
69
0
683
674
666

658
649
641

633
626
620

614
609
603

598
594
589
5
85
583
581
580
5
78
578
579
5
80
581
582
58
2
583
584
584

585
586
587

588
590
591

593
597
602

609
619
634
6
52
674
700
731
766

804
844
8
87
910
910
91
0
910
910

910
910
910

910
910
910
910

910
910
910

910
910
910
9
10
910
910
9
10
910
910
91
0
910
910
910

910
910
910

910
910
910

910
910
910

910
910
871
8
30
792
758
72
7
700
678
65
7
642
630
621
61
6
612
613

613
617
622
627

634
641
648

656
662
669

676
683
687
6
91
695
698
70
0
700
700
69
7
694
689
685

681
675
670

665
660
655

649
644
638

633
630
626
6
22
619
618
61
5
613
611
60
9
608
606
605

605
605
605

606
606
607
607

608
609
612

617
623
632

646
663
685
7
12
743
779
81
7
860
903
91
0
910
910
910

910
910
910

910
910
910

910
910
910

910
910
910
9
10
910
910
91
0
910
910
910

910
910
910
91
0
910
910
910

910
910
910

910
910
9
10
910
910
910

910
910
910
9
10
910
910
91
0
910
910
91
0
905
867
836

810
785
765

747
732
719

709
701
696

692
690
688
6
87
687
687
68
7
688
689
689
68
7
687
686

685
683
680
677

674
672
667

664
659
655

650
646
642

638
635
632
6
28
625
624
62
2
620
618
61
8
617
616
615

615
614
614

614
615
616

618
621
624

629
635
645
6
59
678
702
73
1
765
802
844
88
7
910
910
91
0
910
910
910

910
910
910

910
910
910

910
910
910

910
910
910
9
10
910
910
91
0
910
910
910

910
910
910

910
910
910

910
910
910

910
910
910
9
10
910
910
9
10
910
910
910
9
09
864
828
79
4
764
738
71
5
696
681
667

657
650
645

643
641
641

643
645
647

649
652
655
6
57
658
659
66
0
659
658
657

655
653
651

648
645
641

637
633
629

626
622
619
6
16
613
612
6
10
608
608
60
7
607
607
607
60
9
610
610
610

610
611
612

614
615
617

619
621
622

623
625
626

627
629
630
6
33
634
636
64
1
649
658
672

691
715
744

778
817
858

902
910
910

910
910
910
9
10
910
910
910

910
910
910
9
10
910
910
91
0
910
910
910

910
910
910

910
910
910

910
910
910

910
910
910
9
10
910
910
9
10
910
910
91
0
910
910
910

884
842
805

772
741
715

693
673
657
644

633
626
6
21
618
618
62
0
623
626
630
6
36
641
647
65
2
656
661
665

668
670
672

673
673
673

674
673
670

668
666
664
6
61
659
656
6
52
648
645
64
2
639
637
634

633
632
630

629
628
627

625
624
624

623
621
619
6
18
618
617
617
6
18
618
618
6
20
622
625
63
0
638
648
663

682
707
736

770
807
849

891
910
910

910
910
910
9
10
910
910
9
10
910
910
91
0
910
910
910

910
910
910

910
910
910

910
910
910

910
910
910
9
10
910
910
910
9
10
910
91
0
910
910
910
91
0
910
910
910

910
870
831

796
764
735

712
692
676

663
653
646
6
41
639
639
64
1
645
649
65
5
661
667
673

678
684
688

693
696
697

697
697
696

694
692
689
686

682
678
674
6
69
663
65
8
653
649
646
64
2
640
636
634

631
628
624

622
619
617

616
615
615

615
614
614
6
14
615
616
61
8
620
627
63
6
649
667
689

717
750
787

829
872
910
910

910
910
910

910
910
9
10
910
910
910
9
10
910
910
91
0
910
910
91
0
910
910
910

910
910
910

910
910
910

910
910
910

910
910
910
9
10
910
910
91
0
910
910
91
0
910
910
910

910
910
872

832
794
759

730
704
683
666

653
642
635

628
627
627
6
30
633
639
64
6
653
661
66
9
677
685
693

700
705
710

714
717
717

717
717
716

713
710
707
7
03
698
693
68
8
683
678
673

669
666
662

659
657
655

652
648
645

642
639
636
634

633
631
631

633
637
644
6
56
672
693
72
0
752
790
83
0
873
910
910

910
910
910

910
910
910

910
910
910

910
910
910
9
10
910
910
91
0
910
910
910

910
910
910

910
910
910

910
910
910

910
910
910
910

910
910
910

910
910
910
9
10
910
910
87
2
832
794
75
9
728
701
678

660
644
632

624
619
615

614
616
619

623
628
632
6
37
642
648
65
3
658
662
665

669
671
671

671
670
668

665
661
657
651

646
641
636

631
625
621

614
609
604
6
01
597
592
58
8
585
581
577

575
573
571

570
571
572

575
579
586

595
609
626
6
48
675
708
7
45
786
830
87
6
910
910
910

910
910
910

910
910
910
910

910
910
910

910
910
9
10
910
910
910

910
910
910
9
10
910
910
91
0
910
910
910

910
910
910

910
910
910

910
910
910

887
846
809
7
75
745
718
6
96
677
663
65
1
641
635
632

632
634
638

644
651
658
666

673
681
687

693
698
700

703
705
706

707
706
705
7
03
700
697
69
2
686
680
674

669
664
658

653
647
643

638
634
632

629
626
624
6
23
620
618
6
17
615
613
61
1
611
611
611

612
616
623
632

645
662
685

712
743
780

821
864
908

910
910
910
9
10
910
910
9
10
910
910
91
0
910
910
910

910
910
910

911
910
910

910
910
910

910
910
910
9
10
910
910
9
10
910
910
91
0
910
910
910
91
0
910
910
910

910
899
862

827
797
769

746
726
709

697
687
681
6
76
674
674
6
75
678
681
68
5
690
695
701

706
709
711

714
716
716

716
716
715

714
710
706
7
03
699
695
69
1
687
682
678
6
73
668
663

658
653
648
641

636
631
627

623
620
619

617
617
619

624
631
643
6
59
681
707
7
38
774
813
85
4
897
910
910

910
910
910

910
910
910

910
910
910

910
910
910
9
10
910
910
91
0
910
910
91
0
910
910
910
91
0
910
910
910

910
910
910

910
910
910

910
873
834

797
764
733
7
06
684
665
64
9
638
629
62
4
622
624
629

635
644
655

665
678
690

701
712
721
730

737
743
749

753
756
75
8
758
756
753
7
50
746
740
73
4
728
720
713

707
700
693

686
679
673

667
662
657

652
647
644
6
40
637
635
63
3
631
629
62
8
628
629
633

640
650
664

683
707
737

771
810
853
898

910
910
9
10
910
910
910
9
10
910
910
9
10
910
910
91
0
910
910
910

910
910
910

910
910
910

910
910
910

910
910
910
9
10
910
910
91
0
910
910
91
0
910
910
910

910
910
910
910

910
910
910

910
910

880
852
828
808

790
775
76
2
752
745
740
73
5
732
730
72
9
729
728
727

727
726
726

724
723
721

720
719
717

715
713
711
7
09
705
702
69
8
693
688
682

678
673
669

664
659
654

649
646
642

639
635
633

629
627
625
6
24
623
621
622
6
24
628
633
64
3
657
675
69
8
726
758
796

837
881
910

910
910
910

910
910
910

910
910
910
9
10
910
910
91
0
910
910
910

910
910
910

910
910
910

910
910
910

910
910
910
9
10
910
910
910

910
910
910
9
10
910
910
91
0
910
870
82
9
791
758
730

706
687
674

663
657
655

655
657
661

667
674
681
6
89
697
706
71
4
722
728
734

738
740
743

743
742
741

738
736
733
729

724
720
715

709
705
701

696
691
686
6
81
676
671
66
8
663
659
656

653
650
647

645
645
645

646
650
658

669
685
706
7
32
762
796
8
35
875
910
91
0
910
910
910
91
0
910
910

910
910
910

910
910
910
910

910
910
9
10
910
910
910

910
910
910
9
10
910
910
91
0
910
910
910

910
910
910

910
910
910

910
910
910

910
910
902
8
60
826
795
7
68
746
728
71
5
705
697
695

693
693
694

696
700
703
707

712
716
719

722
723
724

724
722
719

716
713
709
7
04
698
692
68
6
679
672
665

658
651
645

638
632
627

623
618
614

611
609
607
6
07
606
605
6
07
611
618
62
8
644
664
689

720
756
796
841

888
910

910
910
910

910
910
910
910

910
910
910
9
10
910
910
9
10
910
910
91
0
910
910
910

910
910
910

910
910
910

910
910
910

910
910
910
9
10
910
910
9
10
910
910
91
0
910
910
910

910
910
910
910

881
842
806

776
749
727

709
695
684

678
674
672
6
71
672
673
6
75
677
681
68
3
686
688
688

689
688
687

685
683
682

680
678
676

673
670
666
6
63
660
656
65
3
648
644
64
1
637
633
630
62
8
624
620
617

615
613
610

609
609
609

609
612
617

625
637
653
6
74
701
733
7
69
810
854
89
9
910
910
910

910
910
910

910
910
910

910
910
910

910
910
910
9
10
910
910
910
9
10
910
91
0
910
910
910

910
910
910
910

910
910
910

910
910
910

910
910
910

910
910
910
9
10
910
910
91
0
910
909
86
6
833
802
776

754
737
722

711
703
697

692
690
690

689
691
693
6
94
697
698
70
0
701
702
70
2
701
699
696
69
2
688
684
679

674
670
663

658
653
647

642
639
634

631
629
627
6
25
623
622
62
0
618
618
61
7
617
616
615

616
617
618

619
621
623

625
626
627

629
632
635
6
40
649
661
67
7
699
725
756

791
832
876
91
0
910
910
910

910
910
910

910
910
910

910
910
910

910
910
910
9
10
910
910
91
0
910
910
91
0
910
910
910

910
910
910

910
910
910

910
910
910

910
910
910
9
10
910
910
910
9
10
910
910

910
910
910
86
9
832
799
771

748
729
713

700
691
685

682
680
680

680
682
684
6
86
688
691
69
3
695
697
69
9
700
700
698

696
693
691

689
685
681

677
673
671

666
661
657
653

648
644
640
6
37
633
631
62
9
627
625
62
4
623
623
622

621
622
622

623
624
624

624
624
626

626
627
627
6
27
627
626
62
6
625
625
626

629
635
643

656
674
697

724
756
792
833

876
910
910

910
910
9
10
910
910
91
0
910
910
910
91
0
910
910
91
0
910
910
910

910
910
910

910
910
910

910
910
910

910
910
910
9
10
910
910
91
0
910
910
910

910
910
910

910
910
910

910
869
829

792
761
734
7
11
692
677
6
66
659
655
653
6
54
656
659
66
2
668
673
678

683
687
692

696
699
701

701
699
697

694
691
686

681
676
669
6
62
655
649
64
2
636
630
626

623
618
614

611
609
606

605
604
604

604
604
604
604

603
604
605

605
605
605
6
06
607
607
60
8
610
612
615

620
628
639

653
672
694

721
753
789

830
871
909
9
10
910
910
9
10
910
910
91
0
910
910
910

910
910
910

910
910
910

910
910
910

910
910
910
910

910
910
910

910
910
910
9
10
910
910
91
0
910
910
910

910
910
910

910
910
910

910
889
848

812
781
754
7
31
712
698
6
88
681
678
67
6
678
680
683

688
692
696

702
707
712
716

720
724
726

728
730
730

730
728
726
7
23
720
716
7
13
709
703
69
9
695
691
687

682
678
675

673
670
667

664
661
659

658
656
655
6
55
655
655
6
55
657
658
66
1
666
674
685

700
719
743

773
807
845

886
910
910
910

910
910
9
10
910
910
910
9
10
910
910
9
10
910
910
91
0
910
910
910

910
910
910

910
910
910

910
910
910

910
910
910
9
10
910
910
91
0
910
910
91
0
910
910
910

910
910
910

910
910
910
910

910
910
910

910
910
882

855
831
810
7
93
777
765
7
55
747
740
73
4
730
726
723

721
719
715

713
711
708

705
702
699

695
691
687
6
84
680
676
67
2
667
662
65
7
654
651
648

645
643
641
639

638
639
639

640
641
641

642
642
642

643
645
645
6
46
646
646
6
47
650
653
65
6
663
672
684

701
723
750

782
819
860

904
910
910

910
910
910
9
10
910
910
91
0
910
910
91
0
910
910
910
91
0
910
910
910

910
910
910

910
910
910

910
910
910

910
910
910
9
10
910
910
91
0
910
910
91
0
910
910
910

910
910
910

910
910
910

910
910
910

910
910
882
8
51
824
801
78
1
765
751
740

730
723
718

714
711
709
708

708
707
706

705
704
702

701
699
697

693
689
687
6
84
679
675
67
0
666
661
65
6
651
647
642

638
635
632

629
626
626

625
624
625

626
625
626
627

629
630
63
2
634
636
638

639
642
645
64
8
653
659
669

682
699
721

747
779
816

856
899
910

910
910
910
9
10
910
910
91
0
910
910
91
0
910
910
910

910
910
910

910
910
910

910
910
910

910
910
910
9
10
910
910
91
0
910
910
910

910
910
910
91
0
910
910
910

910
910
910

910
910
910

910
910
910

910
910
910
9
10
880
853
83
0
809
792
777

764
754
746

739
735
732

728
725
723

719
716
712
7
09
705
701
698

694
691
68
6
682
677
673
66
9
664
659
65
6
653
649
645

642
639
636

633
630
630

629
628
627

627
627
627
6
27
627
628
62
9
629
631
632

632
633
635

637
643
649

658
671
688

710
737
768
8
04
844
886
9
10
910
910
910
9
10
910
910
91
0
910
910
910

910
910
910

910
910
910

910
910
910

910
910
910

910
910
910
9
10
910
910
91
0
910
910
910

910
910
910

910
910
910

910
910
910

910
884
842
8
05
771
742
719

699
684
673
6
67
663
663
66
4
667
671
676

682
689
694

699
704
709

712
715
717

718
718
717
7
14
711
707
7
04
700
695
69
0
685
679
673

668
662
657

652
648
643

639
635
632

630
628
624
623

620
619
618

619
620
619
6
19
620
619
61
8
618
618
620

621
625
629

635
645
657

675
697
724

755
790
830
8
73
910
910
9
10
910
910
91
0
910
910
910

910
910
910

910
910
910

910
910
910

910
910
910
910

910
910
910
9
10
910
910
9
10
910
910
91
0
910
910
910

910
910
910

910
910
910

910
875
831

789
754
722
6
96
676
659
6
48
640
636
63
5
638
643
649

655
663
670

678
686
692

698
702
706

710
713
715
716

715
714
712
7
09
705
701
6
96
692
687
68
1
676
670
666

660
655
651

646
642
638

634
631
629

626
624
622
6
20
618
617
61
6
616
616
61
6
617
622
628

638
652
671

695
725
758
794

834
876
910

910
910
910

910
910
910
9
10
910
910
9
10
910
910
91
0
910
910
910

910
910
910

910
910
910

910
910
910

910
910
910
9
10
910
910
91
0
910
910
91
0
910
910
910

910
910
910

910
864
823
787

755
729
706

688
674
665

658
654
653
6
56
659
665
6
71
679
687
69
4
702
707
712

716
720
722

723
725
724

722
719
715

710
704
699
6
93
687
681
67
6
670
665
66
1
656
652
647

643
639
635

632
628
625
624

624
624
627

631
639
652

672
694
722
7
56
794
835
87
9
910
910
91
0
910
910
910

910
910
910

910
910
910

910
910
910

910
910
910
9
10
910
910
91
0
910
910
910

910
910
910

910
910
910

910
910
910
910

910
910
910

910
910
910

910
910
910
9
10
910
910
87
2
839
811
78
5
763
746
732

722
715
710

706
704
703

704
705
706

708
709
711
7
12
711
711
71
1
709
708
706

704
702
698

694
691
687
681

677
672
668

663
659
655

651
648
644

640
637
633
6
31
630
630
63
2
637
645
65
9
677
702
731

766
805
848

893
910
910

910
910
911

910
910
910
9
10
910
910
91
0
910
910
910

910
910
910

910
910
910
910

910
910
911

910
910
910

910
910
910

910
910
910
9
10
910
911
91
0
910
910
910

910
910
910

910
910
910

910
910
910

910
910
910
9
10
888
870
8
53
839
826
81
6
805
796
789
78
3
777
770

764
758
752
746

739
734
728

721
716
711

705
701
698

693
690
686
6
82
679
676
67
3
670
668
667

666
666
666

666
666
668

669
672
679

688
702
719
7
41
769
801
8
37
878
910
91
0
910
910
910
91
0
911
911
91
1
911
911
911

911
911
911

911
911
911

910
911
911

911
911
911
9
11
911
911
91
1
911
911
910

910
911
911

911
911
910

911
910
911

911
910
910
9
10
910
910
9
11
910
910
91
0
910
910
910
91
0
910
910
897

871
848
829

811
796
783

771
761
752

743
737
731
7
25
719
714
7
10
705
701
69
6
692
688
684

680
677
673

670
668
665

662
659
658

655
652
650
6
48
647
645
6
44
643
641
640
6
40
639
638
63
7
636
635
634

633
633
633

633
635
638

644
652
664

681
702
729
7
61
799
841
8
85
910
910
91
0
910
910
910

911
910
910

911
911
911

911
911
911

911
911
911
9
11
911
911
91
1
911
911
91
1
911
910
911
91
1
911
910
911

911
911
911

910
910
910

910
911
910

910
910
910
9
10
910
910
9
10
880
849
82
3
801
781
764

751
740
733

726
722
717

714
711
710

709
707
706
7
05
704
702
701
6
99
696
69
3
690
686
681
67
8
673
669
663

659
655
650

647
643
639

637
634
634

632
631
631
6
33
633
633
63
4
636
638
64
0
643
646
648

652
655
658

660
663
666

669
671
673
674

677
678
680

681
682
683
6
85
689
695
7
02
714
730
75
1
777
808
843

881
910
910

910
910
910

910
910
910

910
911
910
9
11
911
911
91
1
911
911
91
1
911
910
910

911
911
910

910
911
911

911
911
911
910

910
910
910

910
910
910
9
10
910
910
9
10
910
910
91
0
910
893
854

819
788
760

737
718
703

690
682
676

674
672
671
6
71
673
674
67
6
678
680
68
1
682
683
682

682
681
679

677
674
671
667

663
659
653

648
641
6
36
632
627
622
6
18
615
611
60
8
606
604
60
3
602
602
601

602
603
604

605
608
610

613
616
619

622
627
631
6
35
639
643
64
8
652
656
66
0
664
667
670

672
675
677

679
681
684

687
690
696

704
715
730
751

776
806
841
8
80
910
910
91
0
910
910
91
0
910
910
910

910
910
911

910
911
910

910
910
911

911
911
911
9
11
911
911
91
1
910
910
910

910
910
911

910
910
910

910
910
911
910

910
910
910

910
910
910

910
910
910
9
10
910
910
91
0
910
910
91
0
891
865
841

819
800
784

769
757
745

735
727
719

712
706
699
6
94
689
685
68
0
676
673
669

666
664
662

660
659
659

659
659
659
659

660
660
662

662
663
664

665
667
669
6
70
672
674
67
5
678
680
684

685
687
688

690
691
692

694
697
700

704
709
714

720
728
740
7
56
775
799
82
8
862
900
910

910
910
910

910
910
911
911

911
911
911

911
911
911

911
911
911

911
911
911
9
11
911
911
91
1
911
911
911

911
911
911

911
911
911

910
911
911

911
911
911
9
11
911
911
9
11
911
911
91
1
910
911
910
91
1
910
911
91
0
910
911
911

911
911
911

911
910
911

911
910
910

910
910
910
9
11
910
910
91
1
910
910
890

855
823
793

766
741
719

700
683
669

656
646
637
6
29
623
619
6
14
611
609
60
8
608
609
611

614
617
621
625

631
636
644

652
659
665

673
680
686

692
699
705
7
13
722
734
7
48
766
788
81
5
847
884
910

911
910
910

911
911
911

911
911
911

911
911
911
9
11
911
911
9
11
911
911
911
9
11
911
911

911
911
911
911

911
911
911

911
911
911

911
911
911

911
911
911
9
11
911
911
9
11
911
911
91
1
911
911
911

911
911
911

911
911
911

911
911
911
911

911
911
9
11
911
911
91
1
911
911
91
1
911
911
911

911
910
911
911

911
910
864

824
787
751

718
690
664

640
621
602
5
86
572
563
5
55
549
544
54
1
540
538
538

539
540
542

545
548
551

553
556
559

561
563
566
5
69
571
573
57
4
575
577
57
7
578
578
578
57
9
580
581
582

585
589
596

607
621
640

663
692
726

764
804
847
8
92
910
910
91
0
911
911
91
1
911
910
911

911
911
911

911
910
910

911
911
911

911
910
911
9
11
911
911
911
9
11
910
91
0
910
911
911
91
0
910
911
910

910
911
910

910
874
838

805
776
751

729
711
696
6
85
676
670
66
5
662
662
66
2
663
664
664

666
666
668

668
669
669

670
669
669

670
671
671
672

672
672
670
6
67
664
660
6
55
647
638
62
9
617
604
591

578
563
549

536
523
511

500
490
480

472
465
459
4
54
451
447
44
5
443
442
44
2
442
443
444

446
446
447

448
450
453

454
456
459

462
465
468
4
71
475
480
485
4
93
506
523
54
8
582
625
67
6
736
804
878

910
910
910

910
910
910

910
910
911

910
910
910
9
11
911
911
91
1
911
911
91
1
911
911
911

911
911
911

911
911
911

911
911
911
911

911
911
911

911
911
911
9
11
911
911
91
1
911
911
91
1
911
911
911

911
911
911

911
911
911

911
910
911

911
911
911
9
11
911
911
91
1
911
911
911

911
911
911

911
911
911

911
910
911

911
910
911
9
11
910
911
911

910
911
910
9
11
910
910
91
0
910
910
91
0
910
910
910

886
853
823

795
770
747

727
709
694

681
669
659
6
52
646
641
63
6
634
633
633

636
642
650

663
680
702
730

761
798

839
882
910
910

911
911
911

911
911
911
9
11
911
911
91
1
911
911
91
1
911
911
911

911
911
911

911
911
911

911
911
911

911
910
911
9
11
911
911
91
1
910
911
911

910
910
910
85
0
800
754

710
671
636
604

576
554
535

518
505
495

486
480
475
4
71
470
471
47
2
474
476
479

483
487
492

496
501
506

512
518
522

527
532
537
5
42
546
550
5
55
559
562
56
4
567
570
572

575
577
579
58
1
583
585
586

588
591
593

594
597
599

601
603
604

607
609
611
6
13
615
617
61
9
621
624
627

629
632
635

638
643
649

655
664
673

684
696
710
7
23
737
751
7
66
779
793
805
8
17
827
836

843
849
854

858
859
860
860

859
857
854

850
846
840

834
828
821
8
14
807
800
7
93
787
779
77
2
765
758
751

744
736
729

721
712
704

697
691
684

678
672
667
662

658
655
6
52
650
650
65
1
649
650
651
65
3
656
659
664

669
676
683

692
701
711

721
732
742

752
762
773
7
85
796
806
8
17
827
836
84
5
854
861
867

872
875
877

878
878
876

873
869
864

858
851
844
8
37
829
822
815

807
801
79
6
793
794
797
80
5
818
835
858

885
910
910

910
910
910

910
910
910

910
910
910
9
10
910
910
9
11
910
911
91
1
910
910
910

911
911
911

910
911
910

910
910
910

910
910
910
9
10
910
911
910
9
10
910
910
9
10
911
910

910
910
910
910

910
910
910

910
910
898

870
847
827

811
798
787
7
80
774
772
7
69
767
766
76
5
766
766
765

765
765
764

762
760
758

756
753
750

748
746
743
7
39
735
730
726
7
22
716
710
7
04
699
692

687
681
675
670

665
659
655

652
650
651

654
663
677

696
719
749
7
83
824
866
90
8
910
910
91
0
910
910
911

911
911
911

911
911
910

911
911
911

911
911
911
9
11
911
911
91
1
911
911
91
0
910
910
911
91
0
910
910
911

910
910
911

910
911
910

910
910
911

910
910
910
9
10
910
910
91
0
910
880
85
1
825
802
783

766
753
741
733

727
722
718

715
714

714
714
715
716

717
717
717
7
17
715
713
71
2
710
708
70
5
703
700
697

693
689
686

682
677
672

667
663
658

653
649
644
6
40
637
633
63
1
629
630
63
4
639
649
664

684
710
742

778
820
864

909
910
910

911
910
910
911

910
911
911
9
11
911
911
91
1
911
911
91
1
911
911
911

911
911
911

911
911
911

911
910
911

911
911
910
9
11
911
911
91
1
911
911
910

911
911
911

910
910
910

910
910
910

911
910
911

910
910
911
911

910
878
85
3
832
813
798
78
3
772
763
75
5
749
744
740

737
735
733

730
727
725

724
722
720

719
718
717
7
15
713
711
71
0
708
707
704

703
702
701

700
700
699

698
697
695

695
694
694
693

691
690
6
89
687
687
687
6
88
692
699
71
0
726
748
77
6
809
848
891

910
911
910

911
911
911

911
911
911

911
911
911
9
11
911
911
91
1
911
911
911

911
911
911

911
911
911

911
911
911

911
911
911
911

911
911
9
11
911
911
911
9
11
911
911
91
1
911
911
911

911
911
911

911
911
911

911
911
911

911
911
911
9
11
911
911
9
11
911
911
91
1
910
911
911

911
911
911

911
911
911

911
911
911

911
911
911
911

911
911
911

911
911
911
9
11
911
911
91
1
892
858
824

791
760
730

702
676
651

628
607
589

574
559
547
5
38
531
525
5
22
522
525
53
0
538
551
568

592
619
653

692
737
782

829
877
911

911
911
911
9
11
910
911
911

911
911
911
9
11
911
911
91
1
911
911
911

911
911
911

911
911
911

910
911
911

911
911
911
9
11
911
911
9
11
911
911
91
0
898
866
838

811
785
763

744
727
712
701

692
685
680

677
676
676

677
679
681
6
84
687
689
6
91
692
694
69
6
698
697
696

694
691
687

683
679
676

671
666
661

657
652
647
6
43
638
634
6
30
627
624
622
6
20
618
615

613
611
610

609
607
607
606

604
603
602

601
600
599

599
599
598
5
98
598
599
6
00
600
601
60
1
602
604
604

605
606
609

614
623
635

652
674
700

731
767
806
8
48
891
910
91
0
910
911
91
1
910
911
911

911
911
911
911

911
911
911

911
911
911

911
911
911

911
911
911
9
10
911
911
9
11
911
911
91
1
911
910
910

910
910
910

891
849
810

775
744
718

695
675
660
6
48
639
634
63
1
630
632
63
6
641
647
653

660
666
673
678

684
689
692

695
699
702

705
704
705

705
705
704
7
02
698
695
69
0
687
682
67
8
674
669
664

658
653
649

646
644
642

640
639
637

638
637
637
6
36
636
636
63
7
639
640
64
1
644
645
648
65
0
653
657

660
665
669
673

678
682
687

693
699
707

719
734
753
7
75
804
837
87
3
909
910
91
0
910
910
910

911
911
911

910
911
911

911
911
911

911
911
911
911

911
911
91
1
911
911
911
9
11
911
911
91
1
911
911
911

911
911
911

911
911
911

911
911
911

911
911
911
9
11
911
911
91
1
911
911
91
1
911
911
911

911
911
911

911
911
911

911
911
911

911
911
911
9
11
911
911
91
1
911
911
911

911
911
911
91
1
911
911
911

911
911
911

911
911
911

911
910
876

842
811
782
7
53
728
704
68
3
666
649
636

626
618
612

608
606
607

608
612
617

625
638
655

675
702
733
7
68
808
851
895
9
11
911
911
91
1
911
911
91
1
911
911
911

911
911
911

911
911
911

911
911
911

911
911
911
9
11
911
911
91
1
911
911
911

911
911
911

911
911
911

911
911
911

911
911
911
911

911
911
911

911
911
911
9
11
911
911
89
8
869
843
82
0
799
780
764

752
742
733

726
719
713

709
705
700

696
692
689
6
87
685
684
68
3
683
684
684

683
681
681

681
681
682

683
685
686
688

690
692
6
95
698
701
704

707
708
709
7
10
711
712
71
2
712
712
711

710
709
708

706
706
707

711
717
726

739
757
780
8
07
839
875
9
10
911
911
91
1
911
911
911

911
911
911

911
911
911

911
911
911

911
911
911
911

911
911
911

911
911
911
9
11
911
911
91
1
911
911
911

911
911
911

911
911
911

911
911
911

911
911
911
9
11
911
911
9
11
911
911
91
1
911
911
898

871
846
825

806
791
778

768
760
754
749

745
742
7
40
738
736
73
4
733
731
729
7
28
727
725
72
3
720
718
716

713
711
710

707
706
703

702
701
698

698
696
696
6
95
694
695
6
95
695
694
69
4
694
693
692

691
690
688

686
684
682

680
678
676
674

672
670
6
70
672
676
683
6
93
708
728
7
52
779
812
84
9
888
911
911

911
911
911

911
911
911

911
911
911

911
911
911
9
11
911
911
9
11
911
911
91
1
911
911
911

911
911
911

911
911
911

911
911
911

911
911
911
911

911
911
911
9
11
911
882
8
51
823
799
77
8
760
744
733

723
716
711

708
707
705

707
707
708

710
713
716
7
19
722
724
72
6
726
726
72
5
725
724
722
72
0
717
714
711

707
704

700
696
693
689

686
682
678

675
672
669
6
67
664
663
6
62
660
659
65
9
657
656
656

654
654
653

653
653
653

652
652
651

652
653
652
6
53
653
653
65
4
655
654
65
5
657
659
662

666
672
681
694

711
732
758

787
820
857

897
911
911

911
911
911
9
11
911
911
91
1
911
911
91
1
911
911
911

911
911
911

911
911
911

911
911
911

911
911
911
9
11
911
911
91
1
911
911
91
1
911
911
911
91
1
911
911

911
911
886
853

823
797
775

756
741
729

720
713
708
7
07
707
709
71
1
715
719
72
4
729
734
739

744
748
750

753
755
756

757
756
755

752
750
746
7
42
739
734
73
0
725
721
717
7
12
708
705

702
698
695
692

689
685
681

679
676
673

671
669
667

665
663
662
6
61
660
659
65
9
658
657
65
7
658
658
659

663
669
678

691
710
734

762
797
837

882
911
911
911

911
911
91
1
911
911
911
91
1
911
911
91
1
911
911
911

911
911
911

911
911
911

911
911
911

911
911
911
9
11
911
911
91
1
911
911
91
1
911
911
911

911
911
911
911

911
911

911
911
911

911
911
911
9
11
911
911
91
1
909
875
849
82
7
807
789

774
760
749
740

732
725
719

712
708
703

699
695
692

688
685
682
6
79
676
673
67
0
667
663
659

654
650
645

641
637
634

631
628
625

622
621
620
6
21
620
621
6
22
623
624
626
6
26
627
627

628
629
629
63
0
631
632
634

639
647
658

675
696
721

750
783
820

860
898
911
9
11
911
911
91
1
911
911
911

911
911
911

911
911
911

911
911
911

911
911
911
9
11
911
911
9
11
911
911
91
1
911
911
911
91
1
911
911
911

900
867
835

804
777
751

729
708
690

676
663
652

643
637
633
6
30
627
626
62
6
628
632
636

640
644
649

654
657
660

664
666
668

670
672
673
6
72
671
669
6
67
664
661
657
6
54
650
645
64
0
635
630
626

621
616
611

607
604
600

596
594
592

589
588
585
5
84
582
581
5
82
582
583
58
3
585
587
588

592
593
596

598
601
605

609
614
621

632
647
665
6
88
716
748
78
5
825
869
909
9
11
911
911
91
1
911
911
911

911
911
911

911
911
911

911
911
911

911
911
911
9
11
911
911
9
11
911
911
91
1
911
911
911

911
911
911

911
911
911

910
866
826

789
756
726
700

677
658
642
6
30
620
61
3
608
606
606
60
6
609
613
618

622
628
635

641
648
654

660
666
672

676
680
683
6
85
686
687
6
87
686
684
68
3
680
677
674

670
667
664

660
656
652

647
643
639

635
631
627
6
23
619
617
614
6
12
610
608
6
06
605
602
60
2
602
602
605

609
614
622

634
651
672

698
730
767

807
851
896
9
11
911
911
91
1
911
911
91
1
911
911
911

911
911
911

911
911
911

911
911
911

911
911
911
911

911
911
911
9
11
911
911
9
11
911
911
91
1
911
911
911

911
911
911

911
910
910

910
911
911

911
911
875
8
45
818
794
77
5
759
746
73
6
728
723
719

717
715
713

713
714
714

715
717
718

718
718
717
715

712
706
701
6
96
691
687
6
84
681
680
67
9
678
678
679

681
685
689

694
699
704

709
714
717

719
722
721
7
21
720
719
71
9
721
725
73
3
746
763
784

809
838
868
899

911
911
911

911
911
911

911
911
911

911
911
910
9
11
911
911
91
1
911
911
91
1
911
911
911

911
911
911

911
911
911

911
911
911

911
911
911
8
93
860
828
798
7
69
744
721

701
683
667

654
645
638

633
631
631

632
635
638
643

648
654
659

666
671
677
6
82
686
689
69
2
695
696
69
8
698
697
697

695
693
690

687
683
678

674
669
664

659
654
648
6
43
638
634
630
6
27
623
621
61
9
618
619

620
623
627
632

637
643
650

660
671
687

705
727
755

788
824
862
9
02
911
910
91
1
911
911
91
1
911
911
911

911
911
911

911
911
911

911
911
911

911
911
911
9
11
911
911
91
1
911
911
911

911
911
910

911
911
911
911

911
911
911

911
911
911

911
911
911

911
911
876
8
45
817
793
77
3
758
745
735

727
723
720

720
721
723

726
730
734

738
743
747
7
52
756
760
7
64
765
768
769
7
70
769
769

768
765
762

758
753
748
742

736
730
722

716
711
706

699
695
691

687
683
680
6
78
676
674
67
2
671
669
668

667
667
666

665
665
664

666
671
678

687
702
723
7
48
778
812
8
50
890
910
91
1
911
911
911

911
911
911
911

911
911
911

911
911
911

911
911
911

911
911
911

911
911
911
9
11
911
911
91
1
911
911
911

911
911
911

911
911
910

864
825
790

757
728
703
6
81
663
648
6
37
628
622
620
6
18
619
622
62
5
629
633
638

643
647
650

653
656
658

660
661
662

661
660
659
6
57
655
652
6
48
644
640
63
6
632
627
623

619
614
609

605
601
596

591
586
582

578
572
567
5
62
558
554
5
49
546
543
539
5
37
535
534
53
2
531
530
528

528
528
528

528
530
532

535
540
548

560
575
594
6
19
647
680
7
16
755
796
83
9
882
910
911

911
911
911

911
911
911

911
911
911

911
911
911
9
11
911
911
91
1
911
911
911
9
11
911
911
91
1
911
911
911

911
911
910

911
911
911

911
911
911

911
911
911
9
11
911
910
9
11
882
853
82
9
807
788
772

760
750
743

737
733
730

729
728
728

729
728
729
7
28
729
728
72
8
726
723
72
1
720
717
713
70
9
705
702
698

695
692
689

687
686
686

686
686
686

687
687
688
6
89
689
689
68
8
687
683
68
0
676
671
666

660
653
648

642
635
630

624
619
616

616
620
628
641

660
684
71
3
748
787
830
8
74
910
911
91
1
910
911
911

911
911
911

911
911
911

911
911
911

911
911
911
9
11
911
911
91
1
911
911
91
1
911
911
911

911
911
911

911
911
911
911

911
911
911

911
910
9
11
911
910
868
8
32
799
772
7
49
729
713
70
2
694
689
688

688
690
693

697
701
706

710
714
719

722
726
728
7
30
730
729
72
8
725
723
71
8
713
708
702

697
691
685
679

674
669

665
661
657
654

651
648
6
46
644
642
640
6
38
636
633
63
1
629
627
62
4
622
620
617

615
615
616

619
627
638

655
677
706

739
777
817
8
60
904
910
91
1
911
911
911

911
911
911

911
911
911

911
911
911

911
911
911
911

911
911
911

911
911
911
9
11
911
911
91
1
911
911
91
1
911
911
911

911
911
911

911
911
911

911
874
838

805
777
754
7
34
717
704
69
5
688
684
682

682
683
684

687
690
693
697

701
705

708
711
713
7
15
717
717
718

717
716
715
7
13
710
706
70
1
697
692
68
7
684
679
675

669
664
659

654
651
646

642
638
634

630
626
623
6
20
617
615
61
5
615
618
624

634
649
667

690
719
752
788

825
865
904

911
911
9
11
911
911
911

911
911
911
9
11
911
911
91
1
911
911
911

911
911
911

911
911
911

911
911
911

911
911
911

911
911
911
9
11
911
911
911
9
11
910
864

826
790
759

732
710
691
676

666
658
653

650
650
650

653
656
660

665
669
674
6
78
680
683
68
7
689
691
691

692
692
692

690
690
687

685
683
680

677
673
670
6
66
662
659
6
55
650
646
64
2
638
634
630

625
622
618
61
4
610
608
605

602
601
599

599
601
606

614
626
643

665
692
723
7
59
798
840
88
2
910
911
911

911
911
911

911
911
911

911
911
911

911
911
911
9
11
911
911
9
11
911
911
91
1
911
911
911

911
911
911
911

911
911
911

911
911
911

911
911
911

911
911
911
9
11
911
911
9
11
895
876
85
9
844
832
822

813
807
801

796
791
785

780
774
767

759
752
744
7
35
726
718
7
09
701
693
68
6
679
672
665

659
654
648
641

635
630
623

618
612
606

599
594
590

585
581
578
5
76
574
574
5
73
573
574
57
7
582
591
603

623
646
676

709
748
791

835
880
911

911
911
911
9
11
911
911
91
1
911
911
91
1
911
911
911
91
1
911
911
911

911
911
911

911
911
911

911
911
911

911
911
911
9
11
911
911
9
11
865
827
79
1
759
731
707

687
672
661

654
650
649

652
657
665

673
684
696
7
09
722
736
74
9
761
773
784
7
95
804
811

818
823
828
832

834
835
834

832
828
824

819
813
807

800
792
786
7
80
772
765
7
59
753
747
74
2
737
732
726

720
714
708

701
695
689

681
672
664

655
647
638
6
30
622
614
60
8
604
603
607
6
16
631
652
67
9
713
751
793

836
881
911

911
911
911

911
911
911

911
911
911
9
11
911
911
91
1
911
911
91
1
911
911
911

911
911
911

911
911
911

911
911
911

911
911
911
911

870
831
793
7
58
725
695
6
68
644
623

607
595
586
582

582
585
592

602
614
627

641
655
671

685
697
708
7
18
725
729
73
1
729
726
72
1
715
707
698

688
679
670

661
654
648

642
637
635

633
631
632
6
32
632
632
63
3
633
634
634
63
4
632
631
62
8
625
622
618

614
611
608

605
602
600

598
597
595

594
594
596
5
99
604
612
62
2
637
657
68
0
708
741
778

818
860
902

911
911
911

911
911
911

911
911
911
911

911
911
911
9
11
911
911
91
1
911
911
91
1
911
911
911

911
911
911

911
911
911

911
907
861

824
789
758
7
30
705
684
66
6
654
645
639

637
640
646

655
666
678

692
707
720

733
743
751
758

762
763
763

761
757
751
7
43
735
724

714
703
692
68
0
670
660
650

641
634
627

620
615
610

607
605
603

603
604
603
6
04
605
605
60
5
605
605
605
60
5
605
605

604
604
603
603

604
604
605

606
608
610

612
616
6
19
623
627
630
6
35
639
642
64
5
649
654
660

667
676
687

703
724
749

777
809
843

881
910
911

911
911
911
9
11
911
911
91
1
911
911
911

911
911
911

911
911
911
911

911
911
911

911
911
9
11
911
911
9
11
911
911
911
9
11
911
907
86
2
824
788
756

728
703
680

661
645
632

621
613
607

604
602
602
6
03
604
607
6
12
616
622
62
8
635
642
648

655
661
666
67
1
674
676

679
680
681

681
680
677
675

672
668
663

658
653
648
6
42
637
632
62
7
623
620
618

617
617
618

618
619
620

623
625
628

631
633
637
6
40
642
643
6
44
645
646
64
7
648
650
652

654
656
658

661
663
666
668

670
671
671

671
671
669

668
667
666
6
66
668
673
6
81
693
710
73
1
757
788
821

857
893
911

911
911
911

911
910
911

911
911
911
9
11
911
911
9
11
911
911
91
1
911
911
911

911
911
911
911

911
911
911

911
910
866

829
795
762

732
704
679
6
56
636
619
6
05
593
583
57
7
573
571
571

574
579
583

589
598
608

618
628
638

648
657
666
6
75
682
689
69
5
699
703
70
6
708
709
709

708
707
706

705
704
702

701
699
698
696

693
691
687

684
679
675
6
70
666
660
6
55
649
644
63
8
632
627
622

616
612
609

606
605
603

601
601
601

602
603
604
6
05
607
610
612
6
14
617
61
8
619
620
621

621
621
620
619

617
616
615

615
616
620

626
637
651

670
694
722
7
54
789
825
8
62
898
911
91
0
911
911
911

910
911
911

911
910
911
910

910
911
910

910
911
9
10
911
911
91
1
911
910
910
9
11
910
910
91
0
899
860

823
789
758
732

707
688
672

658
647
641

636
633
631
6
32
634
638
64
2
648
654
66
0
667
674
680

686
692
696

699
703
704

705
704
704

703
701
699
6
98
696
694
69
2
690
687
685
6
84
681
679
67
7
675
672
669

666
660
656

651
646
640

635
629
621

615
609
604
5
99
597
595
59
6
598
604
61
1
619
627
635

642
649
655

658
660
660

660
659
657

654
650
646
642

638
635
633
6
33
637
645
65
9
678
702
73
1
764
800
837

876
910
910

910
910
910

910
910
911

910
910
910
9
10
910
911
91
0
910
910
91
0
910
910
911

910
910
910

910
910
910

897
858
822
788

757
730
7
03
681
661
643
6
28
617
608
60
1
597
595
59
5
597
600
605

610
616
624

632
640
649

657
665
674

681
688
694
6
99
703
706
70
8
710
711
711

710
707
705

701
697
694

689
685
680

676
672
668
6
63
659
656
652

649
645
642
6
38
635
632
63
0
627
624
62
2
620
619
619

617
617
616

616
616
617

618
619
621

622
624
627
6
31
636
643
65
3
668
685
707

735
766
800

836
876
910

910
910
910

911
910
910
910

910
910
910

911
910
910
9
10
910
910
91
1
911
910
91
0
910
910
910

910
910
910

910
910
910

911
910
910

879
836
795
7
59
727
699
67
5
655
640
630

622
617
615

614
615
619
624

631
637
645

653
660
669

677
685
691

698
704
709
7
13
715
717
71
7
717
716
714

711
707
702

697
691
685

679
673
666

659
652
646
6
39
633
627
623

617
612
60
7
603
600
597

595
593
590

590
590
591
593

596
601
609

621
638
659

685
716
752

791
832
873
9
10
910
910
91
0
911
910
910

910
910
910

910
910
910

910
911
910

911
910
910
9
10
911
911
910

911
910
91
1
910
910
910
91
0
911
910

910
910
910
910

910
910
864

825
791
761

737
716
700
6
88
679
673
6
70
670
672
67
6
682
689
697

705
713
721

728
735
740

744
748
751

752
752
752
7
51
748
745
7
41
737
732
727
7
22
715
710

704
699
694
689

685
681

677
674
671

668
665
663
660

658
657
655
6
55
655
658
6
65
674
688
70
7
731
760
793

831
869
907

910
911
910

911
911
910

910
911
911
9
11
911
911
91
1
911
911
91
1
911
911
911

911
911
911
911

911
911
911

911
911
911

911
910
910

910
911
910
9
10
904
857
8
18
783
752
72
5
703
685
671

660
653
648

647
647
651

654
660
666

673
678
683
688

692
696
70
0
703
704
70
4
705
704
703

701
698
695
692

688
683
678

673
668
662

656
652
646

640
635
631
6
28
626
625
6
25
625
624
62
4
626
627
628

629
630
632

633
637
642

651
664
681

703
729
758
7
91
826
861
897
9
10
910
91
1
910
910
910
91
0
911
911
911

911
911
911

911
911
911

911
911
911

911
911
911
9
11
910
910
91
1
910
911
91
1
911
911
910

890
851
815

781
751
726

705
688
674

664
656
652
650

650
651
65
4
658
662
66
8
674
680
686
69
3
699
705
710

716
719
723

726
728
729

730
728
727

725
722
719
7
16
711
707
70
3
698
693
68
7
682
677
673

669
665
660

656
654
652

649
648
647
646

645
644
6
43
641
640
64
0
639
638
637
63
7
637
639
64
0
644
649
657

670
687
708

734
766
800

838
878
910

911
910
911
9
11
911
911
91
1
911
911
91
1
911
911
911

911
911
911

911
911
911

911
911
911

911
911
911
910

911
911
91
1
911
911
911
91
1
911
910
89
4
856
822
793

766
744
725

709
697
687

681
676
675

675
677
680
6
84
690
695
70
1
706
711
715

719
721
723

726
726
727

727
725
723

719
715
710
705

700
694
689

684
678
673
6
67
661
655
64
9
644
640
63
6
632
629
626

623
620
618

618
619
618

619
621
624

626
628
631
6
33
635
638
63
9
641
642
642
64
2
641
641

640
639
639

639
640
642

646
652
663
6
77
697
721
749

781
816
85
3
890
911
911
91
0
911
911
91
1
911
911
911

911
911
911

911
911
911

911
911
911

911
911
911
9
11
911
911
91
1
911
911
910

910
910
910

910
875
841

808
779
751

728
709
692
679

668
659
653

649
646
644
6
44
645
648
65
1
654
658
663

668
673
677

680
683
685

686
686
686

685
683
680
6
77
673
668
6
64
659
653
64
8
642
636
631

627
623
620

617
613
610

607
604
599

592
585
578
5
71
562
553
544

535
525
516
5
09
503
498
49
4
492
490
489

489
488
489

489
490
490

492
493
494

495
497
497
4
99
500
502
5
03
505
507
50
9
512
514
517

522
526
531

537
543
552

561
573
587
602

618
636
655

674
694
713

733
751
769
7
85
798
810
82
0
826
832
834

834
833
830

826
821
815

807
799
792

784
777
768
7
60
752
744
7
35
727
718
70
9
702
694
687

681
675
670

666
662
659
656

653
652
650

651
650
650

651
652
655
6
57
660
664
6
70
677
684
69
2
702
711
720

730
740
747

755
761
767

772
775
779

782
784
785
7
83
781
777
77
3
767
761
754
7
47
739
732

726
720
714
711

709
707
705

704
705
706

706
707
708

711
712
714
7
17
718
720
7
21
722
721
72
2
722
722
722

723
725
726

730
735
741

753
766
783

806
833
863
8
95
910
910
91
0
910
911
91
0
910
910
910
91
0
910
911

911
911
911
910

911
911
911

911
911
911

911
911
911
9
11
910
910
9
11
911
911
91
1
911
911
911

911
911
911

910
911
910

911
911
911

911
911
911
9
11
911
911
91
1
911
910
910
9
10
910
911

910
910
911

910
910
886
868

851
837
824

811
800
790

780
772
763
7
54
744
735
72
7
717
707
69
7
687
679
668

658
648
639

630
623
616

610
605
602

600
599
598
6
00
602
605
60
8
611
615
61
9
622
625
628

630
633
635
638

642
650
660

673
690
710

735
762
792

822
855
886
9
10
910
911
91
0
911
911
91
1
911
911
911

911
911
911

911
911
911

911
911
911

911
911
911
9
11
911
911
911
9
11
911
911

899
869
842
81
7
794
774

755
739
725
713

702
692
684

677
671
668

666
665
665
6
66
667
669
67
0
673
675
67
7
680
682
682

684
685
684

683
681
680

677
673
669

664
658
652
6
46
638
630
62
2
615
608
602

595
589
584
58
1
576
572

569
566
564
562

561
560
561

560
560
559

559
559
559
5
59
558
558
55
7
558
557
558

559
562
564

568
574
582

595
610
630
654

683
716

753
792
833
8
75
910
910
91
1
911
911
910
91
1
910
911
91
0
911
911
911

911
911
911

911
911
911

911
911
911

911
911
911
9
11
910
911
91
0
911
911
910

911
911
911

911
911
910

911
911
910

910
897
855
8
17
784
756
731

711
696
683
6
74
666
661
65
8
655
655
65
5
655
657
657

658
660
661

661
662
662

661
660
657

653
649
645
6
42
638
633
62
9
625
620
615

610
605
600

596
593
588

585
583
579

575
572
568
5
63
560
557
5
56
554
553
552
5
52
553
551
55
1
550
549
550

553
559
568

578
592
606

621
639
660

684
712
742
7
77
814
854
8
96
910
911
91
1
910
911
911

911
911
911

911
911
911

911
911
911

911
911
911
9
11
911
911
9
11
911
911
911
9
11
911
911

911
911
911
911

911
911
911

911
911
911

911
911
911

911
911
911
9
11
911
911
9
10
865
829
79
7
770
747
729

715
703
692

684
677
671

666
661
658

655
652
649
6
45
6