28
2
482
546
616
689
766
842670
614
558
505
454
405
362
324
291
263
242
229
224
226
237
258
288
324
369
422
482
546
616
689
766
842

9
10
897
885
87
1
856
840
824
80
7
790
773
756

739
723

706
689
673
657

636
570
502

440
385
336

291
252
22
4
202
185
180
18
6
200
222
254

297
346
400

462
532
604

678
758
841

917
923
923
9
23
922
923
9
22
923
923
92
3
923
922
923

923
923
922

922
922
923

894
853
812

768
719
668
620

572
524
480
4
41
409
380
3
56
341
332
32
6
327
338
353

372
398
433

470
510
556

607
658
711

765
819
865
9
04
922
923
92
3
923
923
922
9
23
923
922

923
923
895

869
838
799

760
720
680

635
593
556
518

482
452
430
4
08
391
383
3
80
380
386
39
9
418
439
466

498
536
573

614
660
706

747
786
826

860
888
913
9
23
922
923
92
3
923
922
92
0
899
877
850

817
783
749

708
668
630

593
554
520
492

466
441
424

414
408
404
4
07
419
433
4
48
470
499
53
0
564
602
642

680
717
754

790
820
847

874
896
910

917
921
922
9
14
902
890
87
0
844
815
78
8
756
718
682

649
614
576

544
517
491
464

446
434

424
419
420
426

434
446
466
4
90
513
540
57
4
609
642
67
6
712
745
773

802
831
854

870
884
895

900
897
892

883
867
847
8
26
800
769
73
6
705
674
639

605
575
547

519
494
477
462

448
441

440
443
449
461

477
494
514

539
568
597
6
26
658
691
72
0
747
774
80
0
819
836
851

862
866
866

865
859
847

831
816
795

769
744
719
6
91
660
632
60
7
579
553
532

515
498
485

478
475
473

475
483
495
507

523
545
5
68
589
614
642

669
692
717
7
43
766
784
80
3
821
833
839

845
849
846

838
830
820

802
782
763

743
717
691

669
644
618
5
94
575
557
53
9
526
518
512

507
508
514
51
9
527
541

557
574
591

612
634
655
674

695
717
734

750
766
780
7
89
796
804
80
6
804
799
794

785
770
755

742
724
703

683
666
645

623
605
591
5
74
558
548
5
41
533
528
52
8
532
534
540
55
2
564
575
58
8
606
623
638

654
674
690

704
720
735

748
757
766

776
779
780
7
82
781
775
76
7
761
752
737

723
710
695

676
659
645

630
612
598

589
578
566
5
59
557
554
5
51
554
560
56
4
571
581
594

605
616
632
647

661
675
691

709
731
752

772
790
804

815
824
830
8
30
828
822
8
13
800
784
76
7
747
724
700

677
653
628

606
585
564

546
531
520

510
503
501
5
02
506
514
5
25
539
556
57
4
597
620
643
66
8
692
714
735

756
775

791
803
814
820

824
823
820

814
805
792
7
78
762
743
7
22
702
680
65
7
634
613
591

572
555
541

529
519
512

509
508
511

516
525
536
5
50
566
584
60
4
625
647
66
8
689
709
727
74
5
761
773
784

794
798
801

801
799
792

784
774
760

745
728
710
6
91
670
650
6
31
613
595
57
9
567
556
546

540
537
535

536
540
547

556
567
582
598

614
632
650

668
687
70
5
722
738
752
7
65
776
785
79
0
795
796
793

789
782
773

761
749
734

719
701
683

665
647
628
6
12
597
583
57
0
559
551
54
4
540
540
541

545
551
561

572
586
601

619
637
654

673
690
708
7
24
740
755
767
7
77
784
790

793
793
791
78
6
780
770
759

746
732
716

700
684
666

648
633
619

604
591
581
5
73
565
561
55
9
559
560
56
4
571
580
589

601
615
629

644
659
674

687
700
714

727
737
747
755

762
767
76
9
770
770
766
76
0
754
745
73
5
725
712
698

682
668
653

638
623
609

597
585
576

568
562
558
5
56
556
558
56
2
568
577
58
6
598
611
624

639
653
667

681
694
706

719
729
739

746
753
758
7
62
762
762
761
7
56
750
743
73
5
724
713
70
1
688
674
661

649
638
627

616
608
600

593
589
587

585
586
588
5
92
597
604
61
2
622
632
641

653
664
675

685
696
706

714
722
730

735
739
743
7
45
745
744
742

738
733
725
7
17
710
700
68
9
680
670
65
9
650
641
633

624
617
611

607
603
600

601
601
602

605
611
616
6
21
628
637
64
6
654
664
674

683
692
701

709
717
723

730
734
738

739
739
739
737

732
729
7
24
716
707
700
6
91
682
673
66
5
657
648
640

633
627
620

615
612
609

607
606
607

609
610
614
6
19
623
627
6
33
639
643
64
8
654
660
665

671
676
680

684
687
692

695
696
698

699
699
697
695

693
690
687

684
681
676
6
71
666
663
65
7
652
649
645

642
639
638

637
637
636

636
637
637

638
641
644
6
47
650
654
6
59
662
666
67
1
675
677
681

685
688
690

693
695
695

696
697
697
695

694
693
692

688
686
684

681
678
674
6
71
667
662
65
8
655
652
649

647
647
645

644
645
646

647
648
651
654

655
657
6
60
662
664
6
67
671
674
67
5
679
682
684

687
690
692

694
695
696

698
699
699

700
699
697
696

693
691
687
6
85
682
679
6
76
673
670
66
7
663
660
658

656
655
652

653
653
652

652
653
653

654
656
657
6
58
660
662
66
4
666
667
66
9
671
671
672

674
674
674

675
677
677

676
676
677

676
675
674
6
74
673
672
671
6
70
669
666
6
65
664
662
65
9
659
657
655

655
656
656

654
655
656

656
655
657

658
660
661
6
63
665
666
66
7
669
671
67
2
673
676
677

678
679
681

681
681
680
680

679
678
677

676
673
671

669
667
665
6
62
661
659
65
7
655
653
65
3
652
651
650

649
648
647

648
649
650

651
652
654

655
657
659
662

663
665
66
8
670
672
67
4
676
678
679

681
683
684

684
686
687
687

686
687
686

685
684
683

683
681
680
6
78
676
672
67
0
669
667
66
4
663
662
662

660
660
660

658
657
657

657
657
656

656
657
657
6
58
660
662
66
2
663
666
667
6
67
668
670

670
670
670
672

672
670
669

669
668
665

662
661
659

655
653
652
6
50
649
649
64
9
648
647
64
8
648
647
647

648
649
648

648
650
651

650
651
652

653
652
654
6
55
655
655
65
7
658
659
659
66
2
664
664

665
668
669
670

671
673
675

675
676
678

678
678
678

680
680
679
6
80
680
678
67
6
675
673
671

668
667
666

662
661
660

657
655
653

652
651
649
647

646
645
643

641
642
64
2
642
643
645
64
6
648
650

653
654
656
659

662
664
667

669
672
674

675
678
681

682
683
685
6
86
686
686
68
7
687
686
685

685
684
682

680
680
678

676
675
673

670
666
663
6
60
657
654
6
52
650
647
64
5
645
644
642
64
1
642
642
64
2
643
645
647

646
649
652

653
655
657

661
663
666

669
673
675
6
77
680
683
68
3
684
686
686

685
684
684

682
680
678

677
674
670

667
665
661
6
56
653
651
647

643
642
640
6
38
637
637
63
8
639
640
642

644
645
647

650
653
655

657
661
664

665
669
673
6
76
678
681
6
84
687
689
69
2
694
695
696

698
698
698

696
696
696
693

690
688

684
679
675
6
72
669
663
660

657
652
648
6
45
643
640
63
6
635
634
632

632
633
635

637
640
644

648
652
656

662
666
670
6
75
680
684
6
88
692
695
69
9
701
704
705

706
706
706

706
706
703

702
699
697

693
690
687
684

679
676
673
6
69
665
662
6
60
656
654
65
2
650
648
648

648
648
649

650
653
654

655
657
660

662
664
667
6
70
672
674
6
78
681
683
68
5
688
690
691

692
694
694

694
693
693

692
690
688

686
684
680
679

676
671
667
6
64
661
657
6
53
650
647
64
3
641
639
638

637
636
637

638
639
640

643
646
648

651
655
658
6
60
663
666
66
9
671
674
67
7
680
681
684

685
687
688

689
690
689

688
689
689

687
686
685
6
84
682
680
679
6
77
675
672
6
72
669
667
66
5
664
661
659

659
658
657

656
656
656

655
655
657

657
658
659
6
61
662
663
66
6
668
670
67
2
673
676
676

677
679
681

682
683
684
685

685
684

684
684
682
680

679
678
67
6
674
674
673
67
1
670
669
66
9
668
668
668

669
668
669

669
670
669

669
670
670

670
670
670
6
69
669
669
66
9
668
667
66
8
668
667
667
66
9
669
669
668

670
670

669
670
670
670

669
668
669

668
666
666
6
66
665
663
66
1
660
658
65
5
655
653
651

650
650
650

649
649
650

650
651
652

653
654
654
6
56
657
658
66
0
662
665
666
66
9
672
674

675
677
679

678
679
678
679

679
678
677

676
674
672

671
669
667
6
66
664
663
66
1
659
657
65
6
655
652
651

651
649
648

648
649
648

648
649
651

651
653
655
6
57
657
658
66
0
662
662
664

666
667
667

668
670
671

671
672
673
673

673
673
673

672
671
671

671
670
669
6
69
667
665
66
3
662
660
658

659
658
657

656
656
657

656
656
657

658
658
659
6
60
662
661
663

665
668
66
9
671
674
676

676
677
678

679
678
678
679

678
677
677

677
676
674

673
672
670

666
665
663
6
59
656
655
65
3
651
650
651

650
649
649

650
650
648

648
650
650

649
650
652
6
51
650
650
6
52
650
649
65
0
651
649
648

649
650
649

649
653
654
655

657
662
664

666
670
676

678
680
683

687
688
689
6
92
693
693
69
1
692
693
690

687
686
684

680
677
676

673
668
667

664
662
658
6
56
655
652
6
51
650
649
64
8
647
647
647

646
646
647
648

650
650
652

654
657
659

663
665
667

668
670
672
6
73
674
676
6
77
678
678
67
9
679
679
679

680
680
679

678
678
678

676
674
674

673
672
672
6
70
668
667
66
6
665
663
66
1
661
660
659

658
658
656

653
652
651
650

649
650
652

653
654
657

659
660
663
6
67
669
671
6
74
678
680
68
2
685
689
691

692
695
698

699
700
700

701
700
699

697
696
692
6
87
684
681
67
6
672
668
664
6
58
652
649

644
638
634

632
630
627
627

629
629
631

632
636
639

641
644
650
6
53
657
662
66
7
671
675
67
9
684
687
688

692
694
694

692
690
688

683
679
676

671
666
661
6
59
654
649
64
6
645
642
639
6
39
640
639
63
9
642
645
648

651
657
662

665
671
680

687
691
697

704
708
711
7
14
717
717
71
5
715
713
70
9
706
703
699

692
687
682

677
669
662

657
651
644

638
635
630
6
26
624
624
62
4
624
625
629
6
32
635
640

647
653
658
666

675
685
695

704
713
720

726
730
734

735
735
734
7
32
727
721
71
5
708
699
68
9
680
671
661

651
642
632

623
616
610

605
601
600
599

600
602
6
06
611
616
624
6
32
642
651
66
1
672
682
69
1
700
710
717

722
727
731

732
732
730

728
723
717

710
702
693
6
83
674
664
65
3
643
634
625

616
609
603

598
594
591

591
592
594

598
603
610

617
625
635
6
45
655
666
67
7
687
696
705
71
4
720
724

729
732
733
732

730
728
724

718
712
704

695
686
678

668
658
648
6
40
632
623
61
7
612
607
604

603
603
603

604
608
613

618
625
633

640
648
656
664

672
679
6
87
694
701
705
7
10
713
716
71
7
717
716
71
4
710
707
703

697
691
685

679
672
664

658
651
644

638
632
627
6
24
621
619
61
7
615
614
615

617
618
622

627
630
632

636
641
644

647
652
659
664

670
678
684

688
694
702
7
08
712
716
72
2
727
728
730

733
734
734

732
731
727

721
716
709

702
694
686
6
78
669
660
6
52
644
636
62
8
622
617
611
60
7
604
601
59
9
599
600

601
603
607

613
619
624
6
32
639
646
655

665
676
685
6
95
704
712
71
8
723
727
729

730
729
728

724
720
714

708
701
692

684
675
667
6
58
650
643
6
35
628
622
61
8
614
611
609

609
609
610

614
618
623

627
629
629
628

628
631
6
33
634
636
642
6
45
647
652
6
59
662
665
67
0
676
679
682

687
693
695

696
701
704

703
703
705

705
702
700
6
99
697
691
6
88
687
683
67
7
674
673
669

663
663
663

662
665
674

683
692
701
707

714
718
722

726
729
730
7
30
730
727
7
24
720
716
71
1
703
695
687

679
671
663

656
649
641

636
631
628

624
623
623
6
23
625
628
63
1
636
641
64
7
654
660
668

675
683
689

695
701
706

709
713
717
719

718
718
717

715
711
708
7
04
698
692
6
87
682
675
66
9
664
659
654

650
646
642

639
637
636

634
634
635

637
638
640
6
43
647
650
65
4
659
664
66
9
674
679
684

687
691
694

696
698
700
702

702
701
701

700
699
697

695
692
690
6
87
684
681
67
8
675
673
67
0
667
666
664

663
661
661

660
660
659

660
662
664

666
668
670
6
73
675
677
67
9
681
683
68
5
688
690
691

692
694
695

695
696
697
696

696
696
695

693
692
692

690
688
686
6
86
684
682
68
1
679
677
67
5
674
673
672

670
670
670

669
669
670

670
671
672

674
676
677
6
79
682
684
68
6
687
689
691

692
693
695
69
6
697
697

698
697
697
696

695
693
691

689
687
684

681
679
679
6
77
675
674
67
3
672
670
67
0
669
668
667

667
667
666

666
666
666

666
666
667

669
669
670
6
71
672
673
67
4
675
675
675

677
678
678

678
679
677
676

675
675
675

674
674
674

672
671
671

671
670
669
6
70
670
671
67
2
673
674
674

675
676
677

677
678
679

680
682
682

684
684
684
6
84
684
683
6
83
683
683
68
2
681
680
679

677
674
673
67
2
671
669
670

669
669
668

668
669
669

669
671
673

675
677
679
6
81
683
684
68
7
687
687
686

685
685
683

683
683
682

681
680
680

679
677
677
6
77
676
676
6
77
677
677
67
7
678
679
679

680
681
681

682
683
685
686

686
687
689

689
690
690

692
693
694

695
696
695
6
95
694
694
69
3
692
693
693

692
691
690

688
686
684

682
681
679

678
677
676
6
76
675
675
6
74
673
673
67
3
673
672
673

673
673
673
673

675
675
676

677
679
680

681
683
685

685
686
688
6
88
688
688
6
89
688
689
68
8
690
690
689

690
691
690

689
690
689

689
688
688

687
685
684
684

682
681
68
0
678
676
67
5
674
674
673
67
2
673
674
675

676
678
680

682
683
685

686
687
688

689
690
691
6
92
693
694
6
95
696
697
69
7
698
698
699

700
700
700

701
700
697

695
694
692

690
689
689
6
90
688
689
689
6
88
688
688
6
87
686
685

684
685
684
685

687
688
689

691
693
694

694
695
697

698
699
700
7
01
702
701
7
03
704
704
70
4
705
705
704

704
705
704

703
703
703

702
701
701

700
698
695
6
94
692
690
688
6
86
686
684
6
84
685
684
68
2
683
683
684

683
684
685

684
685
686

686
687
687

688
689
690
6
91
693
694
69
4
694
695
69
5
694
693
693

693
692
691

690
690
687

686
685
684

682
681
681
6
81
680
680
681
6
81
681
682
6
83
682
682
68
2
682
680
680

680
681
680

680
682
683

683
684
686

688
688
688
6
90
690
691
69
1
692
692
69
3
695
697
697

697
698
699

700
701
702

703
704
705

706
707
704
704

704
703
702
7
00
701
700
69
8
697
695
69
3
691
688
687

685
683
682

682
681
680

680
680
680

679
680
680
6
81
681
682
68
3
684
684
686

688
690
692

696
698
701

703
707
709

711
713
716

717
717
717
718

717
716
717
7
16
715
713
71
3
711
706
70
2
699
694
689

684
681
676

672
669
667

664
662
661

661
660
659
6
62
664
665
66
8
671
674
677

680
684
687

689
691
694

696
696
697

698
697
695
6
94
693
691
688

686
684
681
6
77
675
672
66
9
669
668
66
7
666
665
667

668
667
668

668
668
668

667
668
668

667
667
668
6
68
668
669
67
1
671
671
673

674
674
675
67
6
678
679

680
682
684

684
685
687
6
88
690
690
692

691
691
692
6
94
694
694
69
4
695
694
692

690
690
687

684
683
682

680
677
677

676
674
674
6
74
674
673
6
72
672
672
67
1
672
671
671

672
672
673

673
673
674

676
677
677
679

680
681
682

684
685
687

687
689
691
6
93
693
695
69
6
697
697
700

701
701
702

703
704
704

704
704
704

703
702
702
7
00
698
695
6
93
689
687
68
6
685
683
682

682
681
680

679
679
677
676

674
675
673

671
670
670

669
667
668
6
67
666
665
6
65
666
667
66
7
669
670
672

673
675
677

677
679
681

681
682
683

684
684
684
6
84
684
683
6
82
681
680
67
9
679
679
680
67
9
679
680

680
679
679

679
680
679
678

677
676
675

674
674
673
6
71
670
669
6
68
666
665
66
5
665
664
664

664
664
664

665
666
665

666
667
669

670
670
672
6
73
674
675
67
6
677
677
67
7
680
680
681

682
683
683

682
683
684
683

682
682
683

682
682
682

681
679
678
6
78
677
676
6
74
674
671
66
9
668
668
667

666
666
666

667
667
668

669
670
671

672
674
675
6
76
678
678
68
0
681
683
68
5
686
687
689

691
692
693

694
696
696
696

696
697
696

697
697
697

695
693
692
6
89
687
685
68
3
679
675
67
2
669
666
663

661
659
657

655
654
654

652
651
652

651
652
652
6
53
654
654
65
6
658
659
66
0
663
664
665
66
6
668
669
669

670
671
672

672
672
672

673
672
672

672
672
672
6
71
671
670
66
9
669
668
66
6
665
665
664

663
661
661

661
660
660

661
661
661

662
663
664
6
65
666
667
66
8
668
671
673
67
5
676
677

679
680
680
680

681
681
680

680
680
679

679
678
677

675
674
673
6
71
669
668
66
8
666
665
66
4
665
664
664

664
666
666

666
668
668

668
667
668

668
668
667
6
68
669
669
66
9
670
671
670
67
1
673
673
67
2
674
676
677

678
681
684

685
687
689

692
694
696

698
701
701
7
00
696
690
68
2
675
672
666

659
655
653

649
646
645

645
645
644

645
647
647
6
46
648
651
6
50
650
653
65
6
657
659
664
66
8
669
672
67
8
681
682
684

688
690
689

690
693
694

692
694
696

695
692
693
6
94
691
686
68
6
687
682
677

676
674
669

665
666
664

659
656
658

656
652
652
6
54
653
650
6
51
654
654
65
4
657
661
661
66
2
667
671
672

673
678
682

681
683
687

690
690
691

695
697
695

696
699
699
6
96
697
698
69
6
693
692
692

688
683
682

681
677
673

673
673
670

668
670
671
6
69
667
669
6
69
666
665
666
6
65
661
661
66
3
663
661
663

667
667
667

669
673
673

673
676
680

680
680
684
6
87
686
686
6
90
691
689
68
9
692
692
689

690
692
691

687
687
689

686
682
683

683
679
675
6
75
674
670
667

667
666
663
6
61
664
665
66
3
663
667
668

666
668
672

673
671
673

676
675
673

675
677
676
6
74
675
676
6
74
671
672
67
2
669
667
669

668
664
662

664
665
662

661
662
661
657

657
659
6
59
656
657
66
0
659
657
659
6
61
658
657
65
9
661
658
655

658
658
655

654
657
658

657
658
662

662
660
661
6
65
664
663
6
65
667
666
66
4
666
669
668

667
671
673

672
671
674

675
672
672
674

674
670
6
69
671
669
665
6
64
665
663
6
59
659
660
65
7
653
652
653

651
649
650

651
650
649

652
654
653

653
657
659
6
58
659
664
66
6
665
667
67
1
673
672
675

680
680
680

684
689
689
689

693
697

697
696
700
702

700
698
700
7
00
696
693
6
95
693
688
68
6
686
684
679

676
677
673

668
667
667

664
660
661

663
660
658
6
61
662
660
65
9
663
664
66
2
661
664
665

664
664
667

669
667
667

670
670
668
668

671
669
667

669
671
669
6
67
669
670
66
7
665
666
66
6
662
660
662

662
659
659

662
662
659

661
665
666

665
666
671
6
71
671
674
67
8
677
677
680

682
681
679

682
684
681

680
682
684

682
681
684
684

681
681
684

683
680
681
6
84
683
680
68
2
685
684
68
1
683
684
682

680
683
684

683
682
686

687
685
684

686
686
683
6
84
686
688
69
2
702
712
722

730
738
744

749
753
755

757
755
753
750

744
739
731

724
716
708

700
694
687
6
80
673
667
66
1
655
649
64
5
641
639
637

637
638
640

642
646
650

655
659
666

672
677
683
6
89
694
700
705
7
11
714
718

721
722
722

722
722
720
718

714
710
705

699
694
688

682
676
670

665
659
654
6
51
647
643
64
1
640
639
639

640
643
645

647
652
656

661
666
671

677
682
687
6
92
697
701
7
04
707
710
71
1
712
713
713

711
708
706

703
699
695
691

686
682
677

673
669
664

660
657
654

651
648
646
6
45
643
642
64
3
642
643
646

648
651
653

656
652
637

625
619
613

605
602
604
6
04
605
610
6
19
625
632
64
3
656
665
674

686
698
706

713
724
734
738

743
752
758

757
758
759

756
749
743
7
38
729
717
7
08
701
689
67
8
670
663
654

644
640
638

631
627
627

628
626
626

630
635
637
6
41
649
656
6
60
667
676
68
2
687
695
704

711
715
721

728
732
732
735

738
736
733

733
730
724

717
712
707
6
97
688
681
6
75
665
656
65
1
645
636
629

626
622
615

613
614
612

610
612
617

617
618
624
6
31
633
637
64
5
652
657
662
6
71
677
679

683
689
692
692

694
698
698

695
694
695

691
686
684

682
676
671
6
68
665
659
6
54
652
650
64
5
642
643
642

639
638
642

642
642
643

648
651
652

655
661
664
6
65
670
676
67
8
679
684
68
9
690
689
693
69
5
694
692
694

694
690
687

687
685
680

676
676
674

669
668
669
6
66
663
662
66
3
660
657
65
8
659
658
657

662
667
668

670
677
683

686
690
698

705
707
712
7
19
722
723
72
5
729
729
726
7
26
725
722
71
6
714
712
705

698
694
690

683
676
674

670
663
658

657
653
648
6
45
645
643
64
0
639
642
64
3
642
645
649

651
652
656

661
662
663

667
671
672

673
676
678
678

678
682
68
4
681
680
683

683
680
678
67
9
678
673
672

673
670
666

665
666
663

659
660
661

659
656
656
6
57
654
651
65
3
654
651
65
1
654
654
653

654
657
658

656
657
661

662
660
663
668

667
667
6
70
674
674
67
3
677
680
679
68
0
684
686
68
3
683
685
685

681
680
681

680
676
674

675
674
671

671
672
670
6
67
668
668
66
7
664
666
666

664
662
664

666
665
665

669
671
671

672
676
678
6
78
680
685
6
87
686
689
694
6
96
695
697
70
1
700
698
70
0
702
700
697

699
700
696

693
695
694

690
687
689

687
683
680
6
81
681
676
67
7
679
678
676

678
681
680

678
681
684

683
682
685

687
687
686
6
89
690
687
687

689
690
686
6
85
687
685
68
0
679
679
677

672
671
671

667
663
662

661
658
654

655
655
652

651
654
656
6
54
653
657
66
0
659
661
666

669
670
672

678
681
681

686
691
692
691

694
698
697

696
698
705

712
720
728
7
34
739
742
74
4
745
743
740

737
732
724

716
709
699

689
679
671

661
653
645
6
38
631
624
6
19
614
610
60
7
607
607
608

610
616
621

626
633
642

650
657
666

675
683
689
6
97
704
708
713

717
720
721
7
22
723
723
72
0
718
716
714

710
706
703

699
694
689

684
680
675

671
668
664
6
60
657
655
655

654
654
65
5
656
657
660

664
668
672

677
683
687

691
696
701
704

706
708
710

710
710
711
7
10
709
706
7
06
703
698
69
4
690
685
679

675
671
666

660
657
653

648
645
643

641
640
639
6
41
643
644
64
7
651
655
65
9
663
668
671

673
677
680

681
682
685

686
687
686

686
686
685
684

682
681
678
6
75
674
672
6
69
666
664
66
3
661
659
658

657
656
655

655
656
655

655
656
658

658
660
662
6
63
665
668
67
0
672
674
67
6
678
680
681

682
684
684

685
685
686
685

685
684
683

681
679
679

676
674
673
6
71
670
668
6
68
668
667
66
6
666
665
663

662
661
662

662
662
663

664
665
668

670
673
675
6
79
683
687
69
2
696
700
70
4
708
712
715

717
719
720

721
721
720
719

718
715
712

709
706
703

698
695
691
6
87
683
680
67
7
674
672
67
0
668
667
665

664
664
664

664
665
665

666
667
668

669
669
670
6
72
672
673
67
4
675
675
676

676
676
676

677
678
679

679
679
679

680
679
680
680

680
678
679

678
677
676
6
76
675
674
67
3
672
670
66
9
669
668
667

666
665
665

664
664
664

664
664
664

665
665
664
6
65
666
667
66
8
668
669
671

671
672
674
67
5
677
678
679

680
680
681

682
683
683

684
685
685

684
685
684
6
84
682
682
68
1
679
678
67
7
676
675
675

674
675
673

673
674
673

673
673
674

674
674
674
6
75
676
677
67
9
680
680
681

683
684
684

685
688
691
693

696
699
702

704
707
710

711
712
713

714
713
711
7
10
709
706
70
4
701
698
694

690
686
683

678
676
674

671
669
668

667
667
666
6
67
670
671
6
72
676
678
68
1
684
687
690

693
695
698

699
701
702
702

703
702
700

699
697
695

691
688
685

681
678
675
6
72
668
665
66
3
661
658
657

656
654
654

653
654
655

655
657
659

661
662
665
6
68
671
673
6
76
679
682
68
5
688
691
693

696
698
699
700

702
702
701

700
700
698

696
693
692

689
686
682
6
79
676
671
6
68
666
663
66
0
658
656
654

653
652
652

652
652
653

655
656
657

660
663
666
6
68
672
676
6
80
684
688
69
1
695
698
702
70
4
706
708
709

709
709
707

707
705
703

701
698
695

691
688
685
6
82
679
676
6
76
674
673
67
3
675
676
677

680
682
684

687
690
692
695

698
701

704
705
706
707

707
707
70
6
707
705
704
7
03
702
701
69
9
698
697
696

694
693
692

690
689
689

688
687
687

685
684
683
6
82
682
681
6
81
681
680
67
9
678
677
677

676
675
675

674
675
674

674
675
675

674
675
674
6
74
674
674
67
3
673
673
674
6
76
677
679
68
1
683
684
687

688
688
688

688
688
686

685
684
683

680
678
676
6
74
671
668
66
7
666
664
66
3
664
664
663

664
665
666

667
669
671

672
673
676

678
679
681
6
84
686
688
69
0
693
694
696
6
97
698
699
69
8
699
699
698

697
697
696

695
693
692

690
687
686

685
683
681
6
79
678
676
67
5
674
673
67
2
671
670
671

671
672
673

674
676
677

678
680
681
682

685
688
691

693
696
699
7
02
704
707
71
1
712
715
71
6
718
719
718

718
718
716

714
713
711

708
706
704

702
699
697
6
94
691
689
68
7
685
684
68
2
683
682
682

682
682
682

682
682
684

684
683
684

684
684
683
6
83
683
682
682
6
82
682
681
68
0
680
680
68
0
680
680
679

679
678
679

678
678
678

678
678
678

678
680
680
6
79
680
680
68
0
680
681
682

682
682
682

683
683
683

685
684
686
684

685
685
684

683
683
684

683
682
682
6
82
681
681
68
1
681
680
68
1
682
682
682

678
660
641

627
620
613

606
604
608

612
615
623
6
36
646
656
66
9
685
696
705

719
732
741
74
8
758
767

769
770
774

774
770
765
7
63
757
747
738

732
722
709
6
99
692
683
67
2
664
660
654

647
644
644

640
639
641

647
648
651

660
668
673

679
689
697
7
02
708
717
72
3
726
731
736

740
738
739

742
740
736

735
734
730

724
721
718
712

705
702
698

690
684
682
6
80
673
670
67
1
669
664
664

667
667
666

668
672
674

674
677
682

684
684
687
6
91
690
684
6
80
675
667
66
1
659
656
651

649
650
651

650
651
658
672

687
703
719

734
746
757

768
775
781

786
789
790
7
89
786
781
77
4
765
755
743

730
716
703

689
676
663

651
639
629

621
614
609
6
06
604
605
6
07
611
615
62
1
628
636
645
65
4
664
673

683
693
702

711
720
728
735

741
747
752

755
758
760
7
60
758
755
7
53
748
742
73
5
728
720
711

703
694
684

674
666
659

651
645
641

638
635
634
6
36
639
641
64
6
653
661
66
8
679
689
699
71
0
721
732
741

751
759
766

771
776
779

781
780
779

777
773
767
7
60
753
744
7
35
726
717
70
6
696
687
679

672
664
659

656
654
652

653
655
658

662
668
675
6
81
688
698
70
7
715
722
73
0
738
745
750
75
5
758
761
762

764
763
761

759
757
753

749
745
741

736
730
725
7
18
709
702
6
95
690
683
67
8
675
672
669

668
670
670

672
676
682

687
692
700

708
715
721
730

738
744
75
1
757
762
766
7
69
772
774

773
772
771
768

763
759
754

748
740
732

727
718
709

702
696
689
6
83
678
674
67
1
668
668
66
8
669
669
673

677
682
688

696
703
710

717
725
732

738
744
750
7
55
759
762
76
5
766
764
764
7
62
758
754

750
746
740
733

728
722
715

709
704
699

693
689
687

684
681
680
6
81
681
682
68
5
688
691
69
4
700
705
708

712
718
723

727
731
736

741
744
747

751
752
753
7
53
753
752
75
0
747
745
740

735
730
725
71
9
712
706
701

694
689
685

680
676
672

670
668
666

665
665
666
6
67
668
671
67
4
677
680
68
5
689
693
698

703
708
712

717
722
725

728
732
735

737
737
739
7
39
738
737
73
7
736
733
730

728
726
723
71
9
717
714
710

708
706
703

701
700
699

697
697
697

698
698
698
7
01
702
703
70
5
707
709
711

713
716
717

718
720
722

723
723
724

726
725
724
7
24
724
723
7
21
720
720
71
7
716
715
714
71
2
711
709
70
9
708
707
706

705
705
704

705
705
705

706
707
709

710
712
714
7
16
718
720
72
3
725
727
729

731
732
733

735
737
737

738
739
740

740
740
741
7
40
738
738
7
37
736
734
732
7
31
729
725
72
4
722
718
715

713
711
707

704
703
701

699
699
699

699
699
700
7
03
704
705
7
08
711
713
71
5
717
720
722

723
725
726

726
725
725

723
719
716

712
707
701
6
95
689
683
6
78
671
666
66
1
656
651
647
64
4
641
640
640

639
640
642

645
647
651

654
659
663

667
671
677
6
81
685
690
6
95
698
701
70
5
707
709
709

710
710
708

706
705
701

697
693
690

685
679
675
6
72
667
662
65
9
655
651
648
6
46
645
642
64
1
642
643
644

647
650
653

656
660
665

668
672
677

680
683
685
6
88
690
690
6
90
691
691
68
8
687
686
684

682
680
678

675
671
668

665
662
659
656

655
652
649

648
648
648
6
48
649
650
6
52
654
656
66
0
663
666
671

675
678
682

687
689
691

694
697
698

699
700
700
7
00
699
697
69
7
694
692
69
0
688
684
680

678
675
671

668
666
663

659
656
655

653
650
649
6
50
648
647
647
6
48
648
647
6
49
650
650
65
1
653
654
656

658
661
664

665
668
672

673
675
677

679
680
681
6
82
683
682
68
2
681
681
67
9
677
676
675

672
669
668

667
664
663

662
661
660

659
659
658
6
58
657
659
659
6
59
660
662
66
4
665
668
67
1
673
675
678

682
684
685

688
691
692

694
695
696

695
695
696
6
95
693
692
69
1
688
686
68
4
683
680
676

674
673
670
667

666
665

662
661
661
661

661
661
662

663
663
664
6
66
667
668
67
0
673
675
67
6
679
682
684

685
687
690

691
693
695

697
698
698

699
701
700
7
00
701
701
70
0
698
698
696

694
692
690

688
685
683
682

680
678

677
676
675
673

673
673
673

672
673
673
6
73
674
675
67
6
677
678
68
1
683
684
686

689
691
691

693
695
695

695
695
695

694
693
692
6
91
689
687
68
7
686
685
683

683
683
681

679
680
679

678
678
679
679

678
680
681

681
682
684

686
687
687
6
90
692
692
69
4
696
698
699

700
701
702

701
702
703

703
702
702

702
701
699

698
698
696
6
95
694
694
69
2
691
691
690
68
9
689
690

689
689
688

688
688
688

688
689
690
690

690
691
692

693
694
696
6
97
697
699
70
0
700
700
701

703
703
702

703
705
704

703
704
704

702
701
701
7
01
699
698
6
98
697
696
69
5
695
694
694

693
695
694

694
696
697

698
699
702
704

705
707
710

711
713
714

715
715
716
7
16
716
715
71
3
712
711
707

704
702
699

696
692
690

688
684
682

681
680
678
6
78
679
680
6
79
680
682
68
4
685
686
688

689
691
692

694
694
695
696

698
698
698

699
699
699

698
699
699
6
97
696
696
6
96
694
693
69
2
692
690
688

689
688
686

686
686
685

684
684
685

684
684
685
6
86
685
685
686

687
686
68
6
688
691
693

695
698
701
703

706
709
710

711
712
714

715
715
716

716
716
714
7
13
712
709
7
07
705
704
70
1
699
698
696

693
691
691

689
689
689

689
688
687

687
688
688
6
87
688
689
68
9
690
691
692
6
93
695
697

699
700
702
704

706
707
708

711
713
714

717
719
721

722
723
725
7
24
725
724
7
24
722
720
71
8
716
713
710

709
707
704

701
700
698

696
694
694

692
691
690
6
91
690
690
69
1
693
694
695
6
99
702
704
70
6
709
712
714

717
719
721

722
724
726

726
724
724

725
723
721
7
19
717
713
70
9
706
702
69
7
693
689
686

682
679
677

675
674
672

675
676
678

681
684
687
6
91
695
698
70
3
705
708
712

715
718
719
72
2
723
724
725

726
726
725

726
725
723

721
720
719

715
713
711
7
09
706
704
70
2
700
697
69
5
694
692
690

689
689
688

687
688
690

691
692
694

696
698
700
7
02
705
706
708
7
12
714
714
71
5
717
717
71
6
717
717
715

714
713
712

711
709
708

708
706
705

704
703
700
7
00
699
698
69
7
696
697
69
6
696
696
697

698
699
701

703
706
707

708
711
713

714
716
718
7
19
719
721
724
7
24
724
725
72
6
724
724
72
3
721
719
717

716
714
711

709
708
706

704
702
702

701
699
699
6
99
699
698
69
9
699
698
698

700
700
701

700
702
702

702
703
705

705
705
706
7
07
707
706
707

708
708
70
7
709
709
708
70
7
707
708
70
6
706
707
707

707
707
708

709
707
708

709
709
709

709
710
710
7
10
711
711
71
1
711
712
712

712
712
713

712
711
710

710
710
708

707
707
706
705

704
704
703

702
702
702
7
03
702
702
70
2
702
702
701

702
701
701

702
703
703

704
705
707

707
708
710
7
11
712
713
7
15
717
717
71
9
720
721
721

721
721
721

720
721
721
718

717
716
714

712
710
709

708
705
703

701
699
697
6
97
696
695
69
4
695
697
697

698
700
702

704
706
708

711
713
716

720
723
724
7
26
729
730
7
31
732
732
73
2
732
731
732

731
730
728

727
725
722
720

718
715

711
710
707
7
04
701
699
698
6
96
694
693
6
93
691
690
69
1
691
690
690

693
693
693

695
697
698

698
700
703

704
706
709
7
12
713
715
7
17
719
719
71
9
720
720
720

720
720
719

717
716
716

713
711
710
708

706
704
704

703
701
700
7
00
701
700
6
99
699
700
70
0
702
703
704

705
707
709

710
712
714

715
717
717

719
720
720
7
21
721
721
72
1
721
721
72
1
720
719
719

719
718
716
716

715
713
711

710
709
708

706
706
704

703
702
702
7
01
699
699
6
99
698
698
69
8
699
699
700

703
704
705

707
709
711

712
714
717

718
719
720
7
22
723
723
72
3
725
724
72
3
723
722
721

719
719
718

717
717
717

717
717
717
718

717
716
715

714
713
712
7
11
711
710
70
9
708
708
70
8
708
708
709

709
709
710

711
711
712

713
713
714

714
715
715
7
16
716
716
71
6
715
715
71
4
712
711
708

707
705
703
702

700
697
695

694
693
691

691
690
690

690
690
692
6
93
695
696
69
8
700
702
70
3
706
707
708

709
711
712

713
714
716

716
716
717

717
717
716
7
16
716
715
71
4
714
714
712

712
712
711

710
709
708

707
705
705
704

703
702
701

701
699
700

699
698
698
6
99
698
698
69
8
699
700
70
1
702
703
705

706
707
708

710
711
712

713
714
715

715
716
716
7
15
713
713
71
2
710
708
707

705
703
700

698
696
694
692

691
690
688

687
687
687

687
688
690

693
696
699
7
03
707
711
71
6
720
724
727

730
733
735

737
739
739

739
739
737

736
733
730
7
27
723
719
7
16
712
709
70
4
701
697
693

690
688
686

684
682
681
680

680
681
682

683
684
685

687
688
691

694
696
699
7
02
704
707
70
9
710
712
714

715
715
716

716
715
714

714
712
711

709
708
707
7
04
703
701
7
00
698
696
69
6
695
694
694
69
4
694
694
695

696
696
696

697
698
698

698
700
702

703
705
706

708
708
709
7
12
712
713
71
3
714
714
714

715
714
714

713
713
712

711
709
708

707
705
704
7
04
703
701
7
00
700
699
69
7
697
697
696

696
696
696
696

696
698
698

699
700
700

701
702
703

704
705
706
7
07
708
709
7
09
709
710
70
9
709
709
708

708
707
706

706
706
705

705
705
706
706

706
707
7
08
709
710
71
3
714
715
717
7
19
720
721
72
2
723
722
721

721
720
719

718
716
714

712
710
709

707
705
704
7
03
701
699
6
98
697
696
69
4
694
695
694

695
695
696

697
698
699

700
700
700

701
701
702
7
03
704
703
703
7
03
703
702
7
03
703
703
70
3
702
702
702

702
701
702

702
701
700

701
699
699

700
700
700
7
00
700
699
6
99
698
699
69
8
699
698
699

700
700
700

701
702
702
703

703
704

704
704
705
705

705
705
706
7
05
705
70
4
704
704
703
70
2
702
701
700

700
699
697

697
697
696

696
695
695

695
695
695
6
97
698
698
69
9
699
700
70
0
701
701
701

700
701
702

701
702
702

702
701
700

699
698
697
6
97
696
694
693
6
91
691
690
6
90
690
690
69
0
691
692
693

694
695
697

699
702
704

706
709
711

713
716
719
7
22
725
728
73
0
730
731
73
1
730
729
728

726
724
721

718
716
712

709
706
704

701
698
696
6
94
692
691
690
6
89
688
688
69
0
690
692
69
3
694
695
695

696
697
696

696
697
697

697
698
698

699
699
699
7
00
700
700
70
0
701
700
700

700
699
700

699
701
703

704
704
705

706
706
707

707
706
704
703

701
700
698
6
97
696
695
69
3
692
692
69
1
690
689
689

688
687
688

687
688
687

688
689
689

690
691
692
6
93
695
697
69
9
700
702
704

705
706
707

709
710
710

710
710
710

709
708
707
706

704
703
702

700
698
696
6
96
693
691
69
1
689
687
68
6
685
684
683

682
684
683

683
684
685

686
687
689

692
693
695
6
98
701
703
70
6
709
712
713

716
719
722

723
726
727

728
728
728

729
729
727
726

724
720
718

716
713
710
7
07
704
702
69
9
696
693
691

688
686
685

684
683
682

683
685
686

688
690
692
6
95
697
700
7
03
705
708
71
0
712
712
712
71
3
712
712

711
710
708

706
705
702
701

699
697
695

693
692
692

691
690
690
6
91
691
691
69
2
694
693
694

695
696
696

696
698
699

699
699
701

702
702
703
7
04
704
704
7
06
706
706
70
5
706
707
705

704
704
703

701
700
698

697
694
693

693
692
690
690

690
690
689
6
90
690
690
6
91
692
693
69
3
694
695
697

697
698
700

701
702
702

703
704
704

703
704
704
7
03
703
703
7
03
701
700
69
9
699
698
697

696
695
693

692
691
689
688

687
687
686

686
687
689

690
692
695
6
98
700
703
7
06
709
711
71
4
718
720
722

724
725
727

727
728
729

728
727
727

726
725
723
7
21
719
716
71
3
711
708
70
4
702
700
697
69
5
693
691
689

688
688
687

686
687
686

687
686
687

687
688
689
6
90
691
693
6
94
696
697
70
0
702
703
705

707
708
709

709
711
710

710
711
710

709
708
707
7
06
704
702
70
1
698
695
69
3
691
689
687

685
685
684
683

683
683
682

683
684
686

687
688
691

693
695
696
6
98
700
702
70
4
706
707
70
8
710
711
712

712
712
713

712
711
709

707
705
703

701
699
696
6
94
691
688
68
5
682
680
67
8
677
676
677
67
8
680
682
685

687
689
691

694
696
698

693
685
676

670
665
659
6
54
654
652
65
0
651
654
65
6
658
663
670

674
678
683

691
698
704

711
720
725

730
737
742
746

748
753
75
6
756
755
756
7
56
753
749
74
7
742
735
729

725
718
711

704
700
693

686
683
681

678
674
672
6
72
670
669
67
0
672
672
67
3
678
681
682

684
692
696

697
701
707

711
712
715

720
722
721
7
23
724
722
71
9
719
718
713
70
9
707
705
69
9
695
694
693

689
688
688

687
683
683

684
682
679

679
681
680
6
78
679
682
68
1
681
684
687

688
689
694

697
698
699

704
706
707

707
711
713
7
11
712
714
714

711
711
711
7
08
705
706
70
5
701
698
69
8
698
695
693

694
694
691

690
691
690

687
686
687

685
682
682
6
84
682
680
68
2
685
685
685

687
691
691

691
694
698

698
699
703

705
705
706
7
10
711
710
7
11
713
713
71
1
711
713
711
70
9
709
710
709

707
709
710

710
716
725

732
738
746

751
755
757

759
760
760
7
58
756
752
74
8
742
736
731

724
717
710

703
696
689

682
677
671

665
661
658
6
55
653
653
6
52
652
653
65
5
656
659
662
66
7
672
676
680

686
690
695

701
705
709

713
717
721

724
726
728
7
28
728
728
7
27
726
722
71
9
716
713
709

705
701
697

692
688
685

680
677
675

674
672
670
6
70
670
670
67
1
672
673
675
6
78
680
683
68
5
689
692
695

699
701
705

708
711
713

716
717
719

720
720
722
7
21
721
720
7
18
716
714
71
1
708
704
701

697
693
690

687
685
681

678
676
674
672

672
672
673

673
674
676
6
77
679
681
6
85
687
690
69
3
696
699
701

703
705
707

708
711
712

713
714
715

716
716
715
7
17
717
715
7
16
716
716
71
5
715
714
714

713
712
711

710
709
709

707
706
705

704
703
701
7
02
701
700
700
6
99
699
698
6
98
698
698
69
8
698
698
700

700
700
701

701
702
701

702
701
701

701
701
701
7
00
699
700
69
9
698
697
69
6
696
694
694

694
693
692

692
692
691

690
691
691

690
691
691
6
93
693
694
695
6
96
697
698
7
00
699
700
70
0
701
701
700

701
701
701

700
700
700

699
699
699

698
697
696
6
96
696
695
69
4
694
693
69
1
692
692
692

691
692
693

693
693
695
695

696
696
697

698
698
698

699
700
700
7
01
702
702
70
2
702
703
70
2
702
701
702

701
700
700

700
699
697

697
696
696

694
694
694
6
94
694
694
69
5
694
695
69
6
696
696
696

697
697
695
696

696
697

698
700
701

703
705
708
710

711
713
715
7
17
719
720
72
1
722
722
72
2
722
720
718

716
715
712

709
707
705

702
700
699

698
696
695
6
96
696
696
69
7
700
701
701

703
706
708

709
710
712
713

713
712
712

711
711
710

709
706
704

701
699
695
6
93
691
689
68
7
685
685
68
4
684
684
685

686
686
687

689
691
693

695
698
700

702
704
705
707

709
711
71
2
713
712
712

712
711
710
70
9
708
706
704

702
700
698

696
694
693

692
691
691

690
688
688
6
88
688
688
68
8
690
691
692

694
696
697

698
700
701

702
702
702

702
701
702
7
01
701
701
7
01
701
702
702
7
02
702
702

703
702
702
70
1
701
701
700

700
699
699

698
697
696

696
695
695

694
693
692
6
92
692
692
69
3
693
694
694

696
697
697

700
703
705

707
710
713

716
718
720
7
22
723
724
7
25
726
725
72
5
725
724
722

721
719
717
715

714
712
710

708
706
704

702
700
699

698
696
694
6
94
693
691
6
90
689
689
68
9
689
690
690

691
692
694

695
696
698

699
700
701

702
703
703
7
02
702
703
7
02
702
702
702
7
02
702
702
70
2
701
701
701

700
700
700

700
700
700

699
699
698

697
697
698
6
97
697
697
6
98
697
697
69
7
699
698
699

699
700
699

699
699
698

698
697
698

697
697
697
6
97
697
696
69
7
696
696
696
6
97
697
697
69
6
696
695
694

693
694
693

693
693
694

693
694
694

695
696
696
6
97
698
699
6
99
699
700
69
9
700
700
700

701
701
701

701
700
699

699
697
696

696
696
695
6
95
694
694
69
4
694
696
696
6
98
700
702
70
4
706
708
710

712
713
714

714
715
716

716
716
717

716
715
715
7
15
714
714
71
3
711
709
70
7
707
705
703

702
701
699

697
697
696

696
695
696
697

696
696
697

698
698
698
6
99
699
698
6
99
698
698
69
9
699
701
700

701
701
701

700
700
700

699
699
698

698
697
697
6
96
695
695
69
5
694
694
69
2
692
691
690

689
689
688

688
686
686

686
685
684

684
684
685
6
86
686
687
68
8
689
690
691
6
92
693
694
69
5
696
697
697

698
699
698

699
699
698

698
697
697

696
695
694
6
93
692
691
69
1
690
689
68
8
688
687
686

685
685
684

684
685
685

684
684
685

686
687
687
6
89
690
690
691
6
92
692
692
69
4
694
694
69
5
695
696
696

696
697
698

699
700
701

702
703
705

707
709
710
7
12
712
714
71
4
714
714
713

713
713
712
71
1
710
709

707
705
703

702
700
698
6
96
696
695
694

694
693
693
6
93
693
693
69
4
694
695
69
7
698
698
698

699
700
700

700
701
700

700
700
699

698
697
696
6
95
693
691
68
9
688
686
685

685
685
684

684
684
684

684
684
685

686
686
687
688

689
690
691

690
690
689
6
89
689
688
68
8
688
688
68
7
688
688
688

689
689
689

689
689
689

689
689
689

689
690
690
6
91
690
691
69
1
691
691
690

690
690
689
68
9
689
688

688
688
687
687

686
686
686

686
687
687

686
687
687
6
87
688
688
68
8
688
688
688

688
688
687

688
688
688

688
688
688

688
687
688
6
87
687
688
6
89
689
690
69
1
693
695
697

701
704
705

707
710
711

713
714
716
717

717
716
717

716
715
714

713
711
710
7
09
708
706
70
5
703
702
700

699
699
697

696
697
696

696
695
696

696
696
696
6
96
696
696
6
95
696
696
69
4
694
693
693

692
692
692
692

690
689

689
688
687
687

686
687
687

687
687
687
6
87
688
689
6
90
690
691
69
1
691
692
692

693
693
694

694
696
695

694
694
694

694
693
693
6
92
692
692
692

691
691
69
0
690
689
688
68
7
686
685

685
686
686
686

685
686
687

688
689
691

691
692
693
6
94
694
694
6
95
696
696
69
6
697
697
697

697
697
697

696
696
695

694
693
692

691
689
687
6
86
684
683
68
2
682
682
681
6
82
681
682
68
2
683
684
685

687
688
690

691
694
695

698
700
702

704
707
709
7
11
713
715
7
17
718
719
72
0
720
720
720

719
719
718

715
715
712

710
707
706

703
700
698
6
97
694
692
69
2
690
689
68
8
688
688
688
68
8
689
689
689

691
692
693

694
695
697

697
697
699

698
697
696
6
96
695
693
69
2
691
690
68
8
688
687
686

685
685
685

685
685
685

686
686
687

687
688
689
6
91
691
692
69
3
693
694
693
6
93
693
692
69
2
691
692
692

692
691
692

692
692
692

692
691
691

691
691
691
6
90
690
690
69
0
690
688
68
8
688
687
687

687
687
686

686
687
687

687
688
688

689
690
690
6
90
690
690
690
6
90
689
689
68
8
688
687
68
7
687
686
686

686
686
686

685
686
686

685
685
685

685
684
683
6
83
683
682
68
2
682
683
68
4
686
687
688

689
691
692

694
695
697

699
702
704

707
709
710
7
12
713
714
714
7
14
714
713
71
3
711
710
70
8
706
705
705

704
703
702

701
700
699

697
695
694

693
693
692
6
92
692
690
69
1
690
689
690

690
689
689

689
689
689

689
689
689

688
688
687
6
86
685
684
6
84
682
680
679
6
79
678
677
67
7
678
677
67
7
678
679
680

682
683
684

684
685
685

686
686
687

688
689
689
6
90
692
693
69
3
694
693
692

692
691
689

687
686
683

681
679
678

675
674
672
6
71
669
669
6
69
669
669
66
9
671
672
674
67
5
678
680
682

684
687
689

690
692
694

695
695
696

696
696
696
6
96
695
693
6
92
691
689
68
7
686
684
683

681
679
678

676
675
674

674
673
672

673
674
675
6
75
677
679
6
81
682
685
687
6
90
693
696
70
0
703
706
709

712
714
716

719
721
721

722
723
721

720
719
717
7
14
711
708
7
05
701
696
69
3
690
686
683

681
680
678

677
678
677

677
677
679

681
682
684
687

689
691
69
5
697
698
699
7
01
702
702
70
3
705
705
704

705
705
704

703
701
699

697
694
691

689
686
683
6
80
678
675
6
73
671
670
66
8
666
667
667

667
668
670

672
674
677
680

683
685

688
691
693
6
94
696
699
700
7
00
703
704
7
05
707
708
70
8
708
705
703

701
697
693

690
687
683

679
676
674

670
669
667
6
66
665
665
66
5
666
667
66
8
670
673
676

679
683
686

689
693
696

698
701
703
704

704
704
705

704
703
701
7
00
697
695
6
93
690
687
68
4
682
679
676

675
673
671

669
668
668

668
669
670

672
675
677
6
81
685
689
69
3
697
702
70
6
709
713
717

719
721
722

722
722
722

722
720
718
715

712
709
706

702
699
696
6
92
690
688
68
6
685
683
68
2
682
681
681

682
683
684

686
688
691

692
694
697

698
699
699
6
99
698
697
69
6
695
694
69
2
692
690
687

685
684
681

679
678
676
674

673
672
672

671
671
672

672
673
674
6
76
678
680
68
2
684
686
68
7
690
692
693

694
695
696

697
696
696

695
694
693

692
691
689
6
87
686
685
68
3
682
680
680

679
677
677

676
677
677
677

678
678
679

680
681
682

683
684
686

687
688
689
6
91
691
692
69
2
692
692
69
2
693
692
691

691
690
688

687
687
686

685
685
685

684
685
684
6
84
684
682
68
1
681
680
679

678
679
679

678
678
678

679
680
681
682

685
687
690

692
694
698

701
702
703
7
04
704
706
70
6
706
706
704

704
703
701

699
698
696

694
691
689

687
684
683

681
680
679
6
79
679
681
68
2
683
685
687

688
690
692

694
696
697
698

699
699
699

699
698
697

697
696
696

694
694
695
6
95
695
695
69
4
692
689
687

686
683
681

679
679
677

676
675
675

674
673
674
6
74
675
676
6
77
680
681
68
3
685
686
688
69
0
691
691

691
691
691

691
691
692
692

691
691
691

690
689
689

689
688
687
6
88
687
687
68
6
686
686
685

684
684
684

684
684
684

684
684
685

685
686
686
6
87
687
688
6
88
688
688
68
8
689
687
688
68
7
687
686
686

686
685
685

685
685
685

686
686
687

688
689
690
6
91
691
693
6
94
695
695
69
6
697
697
698

698
699
699

701
703
703

704
705
706

705
706
706
7
06
706
705
7
04
703
702
70
0
699
697
696

694
694
693
691

691
690
689

687
687
686

685
684
685

685
685
685
6
86
686
687
6
87
688
688
68
8
688
688
688

688
687
687

685
684
683

682
680
680

679
680
679
6
80
680
680
68
1
682
682
68
3
685
686
687
68
9
689
690
691

691
691
691

692
692
691

691
692
692

692
692
692
6
92
692
691
6
90
688
687
68
6
686
684
682

680
679
678

677
676
675

675
675
676

675
675
674
6
75
675
676
67
6
678
678
678
6
79
679
681
68
2
683
684
685

686
688
688

689
690
691

691
690
690

690
690
690
6
89
689
688
68
6
685
685
68
3
683
682
682

681
681
681

680
680
681

681
681
682

682
683
684
686

689
691
694
6
96
691
684

677
671
669
66
4
660
659
661

661
661
665

670
673
677

684
690
694

699
706
712
7
15
719
726
72
9
730
733
73
7
738
737
737

738
735
729

726
725
718

710
707
703

694
687
683
678

671
665
663
6
60
653
649
64
9
648
645
64
6
650
652
653

658
665
668

670
677
684

687
691
698

704
706
708
7
14
717
716
71
7
720
721
71
8
716
717
715

710
708
706

702
695
692

690
685
679
676

674
670
6
65
665
665
662
6
60
663
663
66
2
663
668
67
1
671
674
679

681
682
685

689
691
690

693
696
697

695
698
699
6
97
695
697
69
6
693
691
691

690
685
682

683
681
677

676
676
675

671
671
673
6
70
668
669
670

668
666
668
6
69
667
665
66
8
669
667
66
8
672
673
672

674
679
681

680
683
688

689
688
692

696
696
695
6
97
699
697
69
5
696
696
693

691
691
690

686
685
686

685
680
679

680
678
675
675

676
675
673

674
678
676
6
76
679
682
68
1
681
685
686

683
681
683

683
680
678

678
676
673

671
672
670
6
67
667
668
6
66
663
664
66
6
664
662
665

667
664
663

665
666
663

663
665
666
663

664
667
668

666
667
671

670
668
670
6
73
672
670
67
4
676
675
675

678
680
678

678
681
682

679
678
680

679
675
675
6
77
675
672
6
72
673
670
66
6
667
666
663

661
662
662

659
657
659

660
657
657

660
662
660
662

666
666
666

667
670
669
6
66
666
668
66
6
664
666
667

665
663
665

665
663
661

663
663
661

661
663
664
6
62
663
666
6
67
666
669
67
3
675
676
679

684
685
685
690

694
693

693
696
697
695

693
695
694

691
688
689
6
87
683
682
6
83
680
676
67
5
675
672
669

669
670
667

665
668
668

667
666
668

670
669
669
6
72
674
672
67
3
674
674
67
0
670
671
669

667
667
668

666
663
664
664

661
660
662

663
661
661

663
664
662
6
63
666
668
6
68
670
674
67
5
674
676
680

680
680
681

683
682
680

682
683
681

680
681
680
6
77
675
676
67
5
671
670
67
0
669
666
665
66
6
665
662

663
665
663
662

663
665
664

663
666
668

666
666
669
6
71
669
670
67
4
676
674
67
6
681
682
680

682
686
685

684
685
687

686
684
685

686
683
680
6
82
681
678
67
4
675
673
66
9
666
667
665

660
660
660

659
656
658
661

661
661
665

669
670
671

677
682
683
6
86
691
695
69
6
697
701
70
3
702
702
705

704
702
701

703
700
696

695
695
691

687
686
686
6
81
676
676
67
5
671
668
669

668
665
663

665
665
663
664

667
668
666

668
672
671

670
672
674

673
672
673
6
76
674
673
67
5
676
673
67
2
675
675
671

670
673
672

670
671
673

672
669
670

672
670
668
6
70
672
670
66
9
671
673
671
67
0
673
674
67
1
672
674
675

672
673
676

675
673
673

675
673
672

672
674
671
6
70
671
674
67
2
671
673
674

672
671
673

674
671
670

672
673
670

670
672
671

668
668
670
6
69
666
668
66
9
668
667
668
67
0
668
667
66
9
670
669
669

672
673
671

670
673
672

670
671
673

672
670
670
6
73
672
669
67
2
674
673
671

675
677
676

675
680
682

682
684
689

691
690
692
6
96
696
694
6
95
698
697
69
4
695
696
693

690
691
691

688
686
687
686

682
681
682

681
677
675

677
675
673

672
674
673
6
70
671
673
67
2
670
671
672

670
668
670

671
668
666

668
668
665

664
666
666
6
64
664
667
666

664
665
668
6
68
666
668
67
0
669
668
670

673
671
670

672
674
671

670
673
674

671
671
674
6
74
671
671
6
74
673
670
67
1
673
671
669

671
673
671

669
672
674

672
671
674

674
672
671
6
74
674
671
671

673
672
669
6
70
671
670
66
7
668
670
668

666
668
670

667
666
668

669
667
666

668
668
666
6
66
669
670
6
68
670
672
67
3
671
672
674

673
671
671

672
671
668

669
670
667

666
667
667
6
65
664
666
66
8
666
667
671
6
73
673
675
67
9
680
679
681

685
684
683

685
687
686

684
685
686

683
681
682
6
81
677
675
6
76
675
671
67
0
672
670
667

666
667
665

662
663
665

663
660
662
664

662
661
664

664
662
661
6
64
664
661
6
60
661
661
65
7
657
659
658

655
656
659

657
656
657

658
657
657

659
661
660
6
58
661
662
66
1
661
664
66
5
664
664
667

666
664
665

667
665
662

661
662
660

657
658
659
658

656
658
660
6
58
658
661
6
63
660
660
66
4
665
663
663

666
666
665

666
668
667

665
665
667

665
663
665
6
66
664
662
66
4
665
662
66
1
664
663
661

661
664
663

661
662
665
664

663
665

667
666
664
666

667
665
664
6
66
667
665
66
4
667
667
66
4
663
665
665

662
662
664

664
662
662

665
665
664

666
669
669
6
69
672
674
67
3
672
674
67
5
673
672
674

673
671
670

671
670
667

666
667
666
664

664
666
665

663
666
668
6
67
666
668
67
1
669
667
66
9
670
666
665

666
665
661

660
660
658

654
652
653

650
646
646
6
46
643
639
64
0
642
640
638

641
642
641

641
645
647

646
647
651

653
653
656
660

660
660
663

666
666
664
6
67
668
666
66
4
665
666
66
3
662
663
663

659
658
659

658
655
654

656
655
651

650
652
650
6
47
648
650
64
8
646
649
651

650
649
653
65
5
654
653

657
658
656
657

659
660
659

659
662
662

660
661
664
6
63
662
663
66
5
663
661
663

665
662
660

661
662
659

657
659
660

657
656
659
6
58
655
655
6
58
657
655
65
7
660
659
659

662
667
667

667
672
676
676

677
681
683

682
683
686

687
684
684

686
684
681
6
80
680
677
67
2
672
672
668

665
664
663

659
656
657

656
653
651

651
651
648
6
46
648
647
6
45
645
648
64
7
645
647
650

649
648
651

653
653
653
656

658
657
657

660
662
661

660
663
664

661
661
662
6
62
659
659
66
1
660
657
656

658
656
652

652
653
651

648
649
649

646
644
647
6
47
644
644
6
48
649
647
64
8
652
653
652

655
658
659

657
660
662
661

661
664
666

664
663
665

666
663
663
6
64
665
662
6
61
662
662
65
8
659
660
658

656
656
657

655
653
653

654
652
650

651
653
651
6
50
653
655
65
3
654
657
658
6
57
658
662

662
661
663
667

668
667
670

674
675
675

678
681
681

680
683
685
6
83
682
685
6
85
681
680
68
1
680
676
675

677
674
670

669
670
667

663
663
664

660
658
658
6
59
656
654
65
6
656
655
654
6
58
659
657
65
7
660
660
657

658
661
659

657
657
659

656
653
654

655
651
650
6
51
652
650
64
9
651
652
64
9
649
652
652

650
651
655

656
654
656

660
660
660

662
666
664
6
63
666
667
66
4
663
665
665
6
62
660
661
66
0
656
655
656

654
651
649

651
650
647

647
649
648

645
646
649
6
47
645
648
65
0
649
648
65
1
653
652
652

656
658
657

658
662
662
661

662
665

664
663
664
6
67
666
664
66
6
668
666
665
6
67
667
663
66
1
662
662
657

656
657
655

651
651
652

651
647
649

651
649
648
6
51
654
655
65
5
660
663
66
4
666
671
675

676
678
683

685
684
685

689
689
687

687
689
686
682

681
681
67
7
673
673
673
66
9
665
666
66
5
662
659
660

660
657
656

658
658
655

655
657
657

654
655
657
6
56
654
655
65
7
655
653
654

655
652
651

652
652
649

648
650
650

647
647
649

649
647
647
650

650
648
64
9
652
652
651
65
3
656
655
65
3
656
657
655

655
658
660

658
658
661

662
659
660

661
661
659
6
59
661
659
65
7
657
659
657

655
656
656

653
651
653

653
650
649

651
651
649
6
48
650
649
6
47
648
651
65
0
649
651
654
65
3
652
655
65
8
657
656
658

660
658
657

660
660
657

657
658
658

655
653
655
6
53
649
649
65
0
649
645
646

648
646
644

646
648
647

647
650
653

653
655
660
6
63
664
666
6
72
675
675
67
7
682
683
682
68
4
686
685
683

685
686
682

679
679
678

673
670
671

670
667
665
6
66
665
661
6
59
660
659
65
6
656
658
657

655
656
657

656
655
656

658
656
655

656
657
655
6
53
656
656
653

652
653
652
6
49
649
650
64
8
646
646
647

646
644
645

647
646
645

648
649
649

648
651
653
6
51
651
654
6
55
653
654
65
6
657
654
654

657
656
654

655
658
655

654
655
656

654
652
653
654

651
650
652
6
52
649
648
6
51
650
647
64
6
649
648
645

646
648
647

645
647
648

647
646
648

650
649
648
6
51
652
650
6
50
653
653
65
1
652
655
655

652
652
655

654
651
652
653

652
650

651
652
650
648

650
651
649
6
48
651
652
6
51
652
656
65
9
659
661
666

668
668
670

674
675
673

675
677
676

673
674
674
6
70
667
667
66
6
661
658
65
7
657
651
648

649
647
643

641
643
640

636
636
638

636
633
634
6
36
635
633
635
6
37
634
633
6
36
637
636
63
5
638
638
635

635
637
636

633
633
634

632
629
629

630
627
624
6
26
627
625
62
3
624
625
62
1
620
623
623

621
620
623

623
619
618
620

618
615
615

616
615
613

615
617
616
6
15
618
622
62
1
621
626
62
8
627
628
632

634
632
634

637
638
637

639
643
645

643
644
647
6
46
644
648
65
0
648
646
64
9
651
649
648

651
652
649

649
651
651

647
646
647

644
640
639
639

637
633
633
6
34
632
630
63
2
634
633
63
2
636
639
639

640
645
649

649
651
658

660
661
665

671
672
673
6
78
683
685
68
5
689
692
691

690
692
693
68
9
687
687
685

680
677
676

672
666
663

662
658
653

651
651
648
6
44
644
645
64
3
641
642
64
4
643
643
646

648
647
648

652
655
655

657
660
662

660
661
663
6
63
661
662
66
3
661
657
658
65
9
655
651
65
2
652
648
644

644
643
638

636
637
636

632
632
635

635
632
633
6
36
636
634
63
7
640
640
639

642
646
644

644
648
651

649
648
651

651
648
648
6
51
651
647
6
47
648
647
64
4
644
646
644
64
0
641
642
64
1
638
640
641

638
637
639

640
638
638

641
642
640

641
644
644
6
42
642
645
64
4
643
644
646

645
643
645

646
645
643

645
646
644

643
645
646
6
43
641
644
6
44
642
641
64
4
643
640
641

644
643
641
643

647
647
648

652
657
657

657
663
666

666
668
672

675
674
674
6
77
677
674
67
3
674
672
668

667
667
664

659
659
659

655
651
651

651
647
646
6
48
648
646
6
46
649
650
647
6
48
651
651
64
9
650
653
652

649
650
651

648
646
647

647
644
642

643
643
639
6
37
638
636
6
31
627
628
62
7
623
622
624

622
621
622

625
625
624

628
631
632

633
637
640
6
41
641
645
64
8
648
648
651
6
53
651
651
65
4
654
651
650

652
651
647

647
649
646

642
641
641

636
633
633
6
32
629
625
6
27
626
623
62
1
624
625
624

625
630
631

631
634
639

640
640
645

649
650
650
6
55
658
658
65
8
661
663
660
6
59
662
662
65
8
657
658
655

651
648
648

645
640
638

638
635
631

632
633
632
6
32
636
640
64
0
642
649
65
3
655
657
664

667
668
671

676
678
677

679
682
681

678
678
679
6
77
672
672
67
1
666
662
661
6
59
654
650
65
0
648
643
641

642
641
638

637
639
639

636
638
641

640
638
640
6
43
641
640
64
2
643
640
63
9
641
642
638

636
639
638

634
634
635

635
632
632

634
633
630
6
32
634
632
630
6
33
635
633
6
33
635
637
63
5
636
639
640

638
638
641

641
639
640

643
644
642

643
646
645
6
43
644
646
64
4
642
644
64
6
643
642
644

644
642
640

642
643
639

638
640
639

636
635
637
635

633
634
636
6
35
632
634
63
6
635
634
63
6
638
637
637

639
642
640

640
644
645

642
643
646

645
642
642
6
44
642
640
64
1
642
640
638

639
640
638

637
640
642

641
641
646

648
648
650
656

659
659
662

666
666
665
6
66
669
666
66
4
664
664
66
1
658
658
657

654
651
653

652
648
647

648
648
645

643
647
646
6
44
645
648
64
7
646
647
649

648
646
647

649
647
645

645
646
642

640
642
642
6
38
637
638
638

634
633
635
6
33
630
631
63
3
631
629
63
1
633
631
630

632
635
633

633
637
639

638
638
642

644
642
642
6
46
646
643
64
3
645
643
640

641
643
640

638
639
640

636
633
635
635

631
629
631

630
625
626

628
629
625
6
25
628
628
62
6
627
629
627

624
624
626

624
622
624

626
625
624

628
630
629
6
29
632
634
6
32
633
637
63
9
638
639
643

643
642
643

646
646
644
645

647
644
643

643
645
642

639
641
642

639
638
640
6
41
639
640
64
3
645
645
647

652
654
654

657
662
662

662
665
668

666
663
665
6
66
662
659
6
60
658
654
65
2
653
651
647

646
648
646

643
643
644
642

639
640
643

641
642
647

650
651
651
6
55
657
655
6
54
656
655
65
1
649
649
647

640
638
637

633
628
626

625
621
617

617
617
614
6
12
615
616
6
15
615
618
62
1
620
621
626

627
626
627

632
634
632
634

638
638
636

638
641
639

638
639
641
6
39
637
638
6
39
636
635
63
8
638
635
634

637
636
633

633
635
633

630
630
632

630
627
628
6
29
627
625
62
7
629
626
62
4
628
630
628

629
633
634

633
634
637

638
636
637
640

640
637
640

643
642
640
6
41
642
640
6
38
640
642
64
0
639
641
640

638
638
640

640
638
637

640
640
638

640
644
644
6
45
648
652
65
1
651
653
65
6
654
652
655

656
652
651

653
652
648

647
649
647
644

644
645
644

641
643
644
6
43
642
644
64
5
644
643
64
5
647
645
643

646
646
642

641
642
640

636
634
636

631
624
620
6
18
612
607
60
6
604
600
597
5
98
599
597
59
6
600
603
604

606
612
616

617
621
628

632
633
638

645
649
650
6
55
660
662
66
2
665
667
66
5
664
665
664

660
658
657

654
648
644

643
640
633

629
627
623
617

615
615
61
2
608
608
608

605
604
606

608
609
610
615

618
617
617

623
626
626

629
634
637

638
641
646
648

648
651
65
5
654
652
65
3
654
651
649

649
649
644

639
639
637
632

629
631
630

627
626
629

629
626
62
9
632
632
633
63
8
642
643
64
5
651
655
655

655
660
664

662
663
666

667
665
665

667
666
662
6
61
663
660
65
5
655
656
652

647
646
646

642
639
639
639

635
633

635
634
631
6
29
632
631
6
28
627
629
629
6
26
625
628
62
6
624
625
62
7
625
622
624

625
623
620

622
623
620

620
623
624

622
622
627
6
28
626
628
63
3
634
633
634

637
637
635

637
639
637

635
637
639

636
634
636
6
35
632
630
632

630
627
625
6
26
625
621

620
622
620
617

618
620
618

616
619
621

620
619
623

625
625
625
6
30
633
632
6
34
639
641
63
9
641
645
645

643
644
645

643
640
639

639
636
633

634
634
631
628

629
629
6
25
622
624
623