0
327

327
336
343

339
335
328
3
21
308
300
29
6
296
302
308
3
15
324
330
33
9
325
293
311

331
317
294

318
340
313

293
319
333

302
289
318
3
26
292
290
32
1
319
283
29
0
321
309
278

293
321
303

275
295
318

292
271
296

312
283
271
3
00
308
276
27
3
304
304
272

277
309
299

269
283
311
295

268
289

313
290
269
294

311
282
269

298
307
276
2
71
302
303
27
1
274
306
29
8
267
278
307

292
263
283

309
287
264

288
307
280

265
295
307
2
76
270
301
30
4
271
272
306

299
269
281
31
2
299
271
289

315
294
271

295
314
287

271
299
310

280
273
303
3
06
274
276
30
7
302
271
283

316
306
281

300
327
309

285
309
328

302
285
312
3
26
298
291
3
20
325
293
29
2
322
317
284

292
321
306
27
9
295
322
305

278
301
322

295
277
303

316
287
278

307
315
283
2
83
315
313
28
1
289
320
308

278
293
320

303
277
303

328
299
274

298
312
283
2
72
302
309
2
78
278
308
30
7
274
280
312

302
272
287

314
298
271

292
314
291
270

296
312
284

272
300
308
2
77
273
315
3
16
280
285
30
6
292
262
269

301
283
254

276
300
276

253
278
296

267
252
283
2
93
262
257
2
91
294
260
264
2
97
289
256
26
9
299
283
254

275
301
280

255
279
298

269
254
282

294
263
256
2
88
291
258
2
60
292
284
25
3
264
295
281

253
272
299

279
255
280

301
274
259

289
302
273
2
69
304
309
27
5
275
307
301
2
69
278
307
29
2
262
279
306

287
262
286

307
281
264

291
305
275

266
297
302
2
71
271
305
3
01
268
275
30
6
294
263
279

306
286
259

282
304
278

259
287
302

273
263
294
3
01
269
271
306
3
00
266
272
3
03
290
259

273
302
284
257

280
303
278

257
284
300

271
257
288

296
264
262
2
94
293
260
26
6
299
288
25
7
272
302
285

256
279
304

280
259
286

304
275
263

293
303
271
2
65
297
298
26
7
273
306
296
2
66
279
307
29
1
263
283
308

285
263
288

305
277
263

291
302
271

266
297
299
2
66
270
302
29
0
257
267
29
6
278
248
269

296
273
248

276
296
269

252
280
293

261
254
285
2
89
256
259
29
5
289
255
264
2
95
282
252
26
9
295
273
246

270
294
267

249
277
290

259
250
280

286
252
249
2
80
276
244
23
3
260
247
21
5
232
262
243

215
238
261

234
215
243

259
230
220

246
254
223
223

259
257
22
3
229
261
248
21
7
232
260
24
2
214
234
257

232
212
240

258
230
219

249
258
224

219
249
248
2
15
220
253
24
3
210
224
254

245
223
241

270
243
223
247

265
248
239

266
273
2
41
239
270
2
73
240
246
28
0
273
245
262
29
3
276
250
25
6
267
250
248

267
286
263

239
242
256

225
218
256

277
253
269
3
07
316
283
29
1
312
297
269

288
313
294

272
296
315

290
278
305

316
287
282
314

318
290
296

329
322
293
3
06
333
320
29
4
311
335
31
4
288
313
335

316
313
344

359
332
326

352
352
321

325
356
354
3
28
341
370
35
8
331
348
371

348
318
333

349
324
312

337
350
325

321
350
354
324

323
352
348

318
327
354
3
43
314
327
34
7
331
307
329

348
332
320

347
359
333

326
353
358

329
330
358
3
54
326
334
3
62
350
323
34
0
365
350
327

348
369
347

331
355
367

342
333
361
367

339
339
367

366
336
340

363
351
326
3
41
366
354
32
9
350
370
349

333
360
377

354
335
353

342
313
304

313
285
242
2
21
254
245
2
11
225
259
24
4
209
230
255
23
3
208
235

257
226
208

242
257
220
213

245
246
212

208
237
231
2
02
210
242
2
34
199
216
24
9
230
201
227

254
222
196

227
247
215

197
232
243

204
204
245
2
40
204
211
2
48
236
201
22
1
256
236
204

230
256
226
202

235
254
221

208
243
250

208
202
234

232
202
212
2
44
234
205
2
21
249
233
20
6
227
248
224

205
229
240

209
198
225

228
192
189

220
218
190
1
97
224
215
185
1
93
223
20
5
182
201
229
21
2
193
209
234

210
196
270

335
323
352

398
397
341

315
340
341
3
09
322
355
3
39
311
325
34
0
313
292
316

330
302
288

309
311
280

275
300
299

272
280
308
2
99
275
282
29
9
283
268
28
9
306
286
268

289
303
278
266

286
306
285

303
349
340

301
290
329

305
274
288
3
17
309
286
29
9
314
294
27
3
293
322
299

305
340
335

303
283
250

216
181
181

216
218
185
2
01
237
228
21
0
230
270
256

226
251
286
26
6
219
258
308

310
286
311

321
313
325

360
370
342

346
291
256
2
52
254
262
26
3
253
253
25
7
257
271
273
26
9
269
266

262
264
258

258
245
245

244
242
246
2
50
253
256
26
1
266
266
265
26
7
266
263
26
3
264
265
265

270
268
262

263
252
261

260
258
260

259
256
253
2
49
246
244
24
7
252
256
26
3
269
277
279

282
293
279

299
261
243

239
255
284

268
267
272
2
70
266
262
26
0
262
259
262
26
1
265
265
26
4
261
262
266

264
267
270

268
260
262

265
273
269

274
282
277
2
77
282
283
28
4
285
284
282

280
280
279

277
279
280

281
283
284

285
286
286
2
85
284
283
279

277
278
28
0
274
273
270
26
9
269
269
27
1
272
273
272

275
280
280

277
278
277

276
275
275

275
277
277
2
77
278
278
27
8
279
281
281

282
281
280

280
280
281

281
281
282

284
284
286
2
88
288
284
2
83
284
286
285
2
86
288
289
28
9
292
295
296

294
292
291

292
295
301

300
299
293

292
294
308
3
15
313
316
3
13
315
314
31
1
310
311
313

313
312
312

312
316
314

314
317
318

320
322
323
3
22
322
321
3
21
321
321
321
3
20
320
320
32
0
320
320
321

323
323
325

326
327
327

327
328
329

329
327
326
3
26
325
326
3
27
327
326
32
6
326
327
326

328
331
332

333
334
335

335
336
337
338

339
340
340

341
341
341
3
43
343
343
3
43
344
343
34
3
343
344
343

343
343
343

342
342
342

342
341
342

342
342
342
3
43
344
344
3
43
343
343
34
3
344
344
345

346
346
346

346
346
346
347

347
347

348
349
349
3
50
350
351
352
3
51
351
352
3
51
351
352
35
2
352
352
352

353
353
353

353
354
354

354
354
355

352
350
347
3
44
341
341
34
1
342
342
34
3
343
344
343

344
344
343

342
342
340

339
337
334
333

333
333
3
33
334
334
335
3
36
336
336
3
38
339
339
33
9
340
341
341

341
342
343

344
344
345

345
346
346

346
347
347
3
47
348
348
34
8
348
349
34
8
347
348
348

348
348
347
348

347
346
347

347
347
348

348
349
348

348
348
346
3
45
344
344
34
4
343
343
34
4
344
344
345

345
345
346

346
346
346

346
347
347

346
346
347
3
47
347
347
34
8
348
348
34
9
349
349
349

349
349
349

349
350
351
351

351
352
352

352
353
353

352
352
352
3
52
351
351
35
1
351
350
34
9
349
350
348

347
347
342

339
338
336

337
336
336

336
336
336
3
36
336
335
33
3
330
331
326
32
3
323
326

326
325
325
322

321
322
323

323
322
322

324
326
327

328
330
331
3
31
333
335
33
5
335
335
33
5
334
334
334

334
334
334

335
334
334

334
334
333

332
332
333
3
33
332
332
33
2
330
329
329

328
328
327
32
7
326
325

325
326
327
326

326
328
328

328
329
330

330
329
330
3
31
331
331
33
1
329
329
328

330
331
331
33
2
332
332
331

332
332
333

332
332
331

331
331
330

331
330
32
9
326
328
326
32
6
327
328
32
9
329
330
331

331
331
331

331
331
331

332
332
332

332
333
333
3
33
333
334
33
4
334
334
335

335
334
335

335
335
335

335
334
335

336
336
336
3
35
336
335
335

335
335
335
3
36
335
336
33
7
338
339
341

342
342
343

343
343
343

343
343
344

343
343
344
3
44
344
346
3
47
347
347
34
8
348
348
348

348
349
349
35
0
351
352

352
352
350
345

343
342
341

339
339
339

340
339
340
3
41
342
343
34
5
346
345
345

343
343
349

354
356
359

359
355
348

344
341
341
3
38
335
329
3
26
324
323
32
4
324
326
327

327
329
331

331
331
332

334
335
336

337
337
338
339

340
342
339

337
339
338
3
38
336
335
33
5
334
334
336

338
339
340

343
342
342

344
344
345

347
348
349
3
49
348
352
3
56
357
359
36
0
361
361
361

362
364
364
364

365
365

363
362
352
349

358
365
369

372
370
369
3
72
372
373
3
74
374
372
36
7
367
370
370

372
373
373

373
374
375

376
376
378

379
379
379
3
80
381
381
376

376
376
37
5
375
376
376

375
374
374
374

373
373
373

372
371
368

367
365
364

365
367
368
3
67
368
369
3
68
367
368
36
8
367
366
367

367
366
366

367
367
367

367
368
368

370
370
370
3
70
370
371
37
2
372
372
37
2
372
372
371

370
370
369
369

370
370
369

370
370
370

370
371
371

372
372
372
3
72
372
370
3
70
371
371
37
1
371
372
372

372
373
373

374
373
372

371
371
370

370
370
370
3
70
370
370
37
0
370
371
373
3
73
374
375

374
375
375

375
374
374
375

375
374
375

376
376
376

376
376
376
3
75
376
376
37
5
376
377
37
7
377
377
375

373
373
373

373
373
373

374
375
375

375
375
376
3
77
378
379
37
9
379
379
380
3
81
380
380

380
380
380

379
379
379
379

379
378
378

378
378
379

378
376
377
3
76
373
368
37
3
376
378
37
9
378
378
377

377
377
375

375
376
376

373
369
367

366
363
359
354

347
347
346
3
45
344
339
33
7
335
335
33
8
333
335

332
335
330
328

331
327
328

324
323
318

312
316
318
3
22
328
331
33
3
334
335
334

333
335
337

337
337
338

339
338
338

338
340
340

340
342
343
3
42
343
344
34
4
344
344
346

346
347
347
34
8
347
347
347

346
345
345

344
344
345

346
346
345

344
344
343
3
41
339
336
33
5
334
333
333

333
332
331

330
330
329

329
328
329

324
321
325
3
27
325
315
312

305
306
29
8
295
296
298
29
9
303
306
30
7
306
306
306

305
306
307

305
303
301

302
305
310

309
309
309
3
10
313
311
30
7
306
307
304

300
293
294

298
300
301

299
298
300
304

307
309
3
06
304
304
3
05
307
309
30
9
308
308
309
30
9
309
310
311

311
312
312

313
312
312

312
313
312

311
310
310
3
10
308
308
3
08
309
311
31
3
313
312
312

311
310
309

308
306
303

302
302
300

300
299
299
3
00
301
300
3
01
301
302
30
2
304
305
305

304
299
298
300

300
299
305

305
305
304

300
300
300

301
300
300
3
04
307
307
3
07
308
308
30
7
306
307
307

306
305
304

305
305
306
306

306
305

306
306
306
3
06
306
306
306
3
06
306
307
3
06
306
307
30
6
305
305
306

306
306
306

306
306
306

307
307
307

307
307
307
3
06
306
306
3
05
303
303
30
4
304
304
305

305
306
306

306
306
307

306
307
307
306

306
306
3
06
306
306
30
6
306
307
307
3
07
307
306
30
6
306
306
306

306
306
306

306
306
306

306
307
307

307
307
307
3
08
308
308
30
7
308
308
30
8
308
309
309

308
308
308
308

307
307

308
307
306
307

308
308
3
08
308
309
30
9
309
310
310
3
10
311
311
31
0
309
309
310

309
309
309

310
309
309

310
310
310

310
310
310
3
09
309
309
30
8
308
308
30
8
308
309
309

309
310
310

310
311
311

310
310
310

310
310
310
309

309
309
309
3
10
310
310
31
0
310
310
31
0
310
310
310

310
310
310

310
310
310

310
310
310

310
310
310
3
10
311
311
31
1
311
312
31
3
313
313
313

313
313
313

313
312
312

312
312
311
311

312
312
312

312
311
311
3
11
312
312
31
1
311
311
31
2
310
308
307

306
306
305

305
305
305

305
305
305

306
306
307
3
12
313
313
31
2
312
312
307

305
304
304

304
304
304

304
304
304
304

305
305
305

306
307
308

311
314
314
3
15
315
316
31
6
316
316
31
6
316
317
317

317
317
316

315
315
316

316
315
314

314
314
314
3
14
314
313
31
3
313
313
313

313
314
314

314
314
314
314

313
314
314

313
313
3
13
314
314
313

314
314
314
3
13
313
313
31
2
312
312
312

312
313
313

314
314
314

315
315
314

315
315
314
3
15
315
315
3
15
316
316
31
6
316
316
316

316
316
316

316
315
315
316

316
315
315

315
315
315

316
316
316

316
316
316
3
16
316
316
31
6
316
315
316

316
315
315

315
315
315

316
315
316

316
316
315
3
16
315
315
3
14
313
313
31
1
310
310
309
30
9
310
310

310
309
310
311

310
311
312

312
311
311

311
311
311
3
11
312
311
3
11
311
312
31
2
311
308
307

307
307
308

308
308
308

309
308
308

309
309
309
3
08
309
309
3
09
309
309
309
3
09
309
309
30
9
309
309
309

309
309
309

309
309
309

309
309
309

309
310
309
3
09
310
310
3
09
309
310
31
0
309
309
309

309
309
310

310
310
310

310
310
310

310
310
310
3
10
310
310
31
0
310
310
310
3
10
310
310

310
310
310

310
310
310

310
310
310
310

310
309
307

307
307
306
3
06
306
306
3
06
308
309
30
9
309
310
311

310
311
311

311
307
307

307
306
307

308
309
310
3
10
311
311
31
0
310
311
311
3
11
311
311
31
1
311
311
311

310
310
310

311
310
311

311
311
312

312
312
312
3
13
313
314
31
4
314
315
31
5
315
315
315

314
314
314

314
314
314

313
314
320

322
322
322
3
21
321
321
32
0
320
320
320
3
18
316
315
31
5
311
309
309

309
309
308

308
308
308

308
308
308

309
309
309
3
09
309
308
30
8
308
308
30
8
308
309
309

308
309
316

317
316
318

319
318
318

318
318
317
3
17
317
317
31
6
316
316
316
31
5
316
316
31
6
315
316
316

316
315
316

316
315
315

316
315
314

314
315
315
3
14
314
315
31
5
315
316
31
7
317
317
317

317
317
317

317
315
315

315
314
313

313
313
313
313

313
313
314
3
14
314
314
31
5
315
315
31
5
314
314
314

315
315
315

316
316
317

317
318
318

319
319
319
3
19
319
319
31
8
319
318
317

317
317
316

316
316
316

316
315
316

316
315
314
3
14
315
315
316

316
316
315
3
15
316
315
31
5
315
315
31
5
314
315
315

314
313
315

315
314
314

314
315
315

315
316
317
3
17
316
316
31
6
317
317
317

317
317
317

317
316
315

314
314
314

314
314
314
3
13
313
313
312

313
313
310
3
09
309
309
30
9
309
309
309

309
309
308

309
309
309

309
308
308

308
308
314

316
315
314
3
10
305
301
29
7
302
303
305

303
301
298

296
297
298

297
298
299
301

302
302
3
03
304
303
303

303
302
302
3
02
304
305
30
5
306
307
307

306
306
307

307
306
307

308
307
307

307
307
307
3
08
308
308
3
07
308
308
30
6
303
304
303

302
302
303

303
302
303
303

304
304

303
304
303
3
03
303
303
30
3
302
303
303
3
03
303
303
30
4
304
303
304

312
313
312

312
310
310

309
309
309

309
310
310
3
10
310
311
3
11
311
311
31
2
312
312
312

311
312
312

312
312
313

313
313
312
312

312
312
3
07
307
307
306
3
07
307
307
3
07
308
308
30
8
308
309
309

309
309
309

309
308
309

309
308
309

310
310
310
3
10
311
311
31
1
311
312
31
2
311
312
312

312
312
312

313
312
313
313

314
314
314

315
315
315

316
317
316
3
17
317
318
3
18
318
319
31
9
319
319
319

319
319
318

319
319
318

318
319
318

318
318
318
3
18
317
317
31
7
317
317
31
7
316
316
315

315
315
315

316
316
317
316

316
317
316

316
315
315

316
316
315
3
16
316
316
3
16
316
316
31
6
316
316
316

316
316
316

315
314
314

313
313
312
312

312
311
3
12
312
313
31
2
312
313
313
3
13
313
314

314
314
315
315

314
314

315
315
314

315
315
315
315

307
307
306
3
07
307
308
30
7
307
308
30
8
308
308
309

309
309
309

310
310
310

310
310
309

309
308
309
3
09
310
311
31
2
312
312
312

312
312
313

313
313
313

313
314
315
315

315
316
317

317
318
318

319
319
319
3
19
319
319
32
0
320
320
32
0
320
320
320

319
319
319

319
318
318

318
318
317

317
317
316
3
15
314
311
30
7
305
305
306

306
306
306
30
6
306
306

307
306
306
306

306
305
306

307
307
307

307
308
308
3
08
308
309
30
8
309
309
309

308
308
309

309
308
309

309
309
308

308
308
307

308
309
309
3
09
309
310
31
0
308
306
309
31
1
308
307
31
0
298
291
295

299
298
300

301
303
304

305
306
306

306
303
299
2
98
284
277
27
3
278
276
271

269
269
268

266
265
266

268
267
268

269
269
266
2
66
267
273
2
71
263
257
260
2
71
272
275
28
2
284
288

290
291
292
292

293
294
295

296
296
295

295
292
291

291
291
292
2
92
293
294
29
4
295
295
294

293
292
293

293
292
293

293
293
291

290
291
291
2
91
291
292
292

292
293
29
3
293
294
294

294
295
294
295

295
296
296

297
298
297

297
297
298

297
298
297
2
97
295
296
2
96
297
297
29
7
297
297
296

295
294
294

295
297
300

299
297
296

296
296
296
295

295
295
295

294
294
29
4
294
296
297

296
297
297
297

297
298
298

299
301
302

301
300
300

301
301
298
2
96
296
297
2
96
296
297
29
7
297
297
298

298
298
299

299
299
300

301
301
301

301
302
302
3
02
307
308
30
8
309
309
31
0
309
310
311
31
3
314
314
307

310
312
313

315
316
316

316
314
311

310
310
310
3
10
308
308
3
08
307
307
30
8
307
308
307

308
311
312

313
313
314

313
314
314

315
316
315
3
15
315
315
315
3
17
318
318
3
15
316
315
30
6
297
297
296

295
293
295

295
295
297

296
295
292

294
293
292
2
83
274
255
25
3
253
256
25
8
259
261
263

266
264
264

263
262
266
268

268
266

269
270
272
2
71
269
269
270
2
67
265
268
2
66
263
264
26
7
265
265
262

261
258
257

256
258
260

258
259
258

258
259
261
2
62
264
266
26
7
267
270
27
1
271
271
273

273
276
281

285
288
291

292
294
294
294

294
294
290

289
289
289
2
89
289
289
28
9
289
289
28
9
288
288
288

287
288
289

289
289
290

291
291
290

290
289
289
2
88
288
288
28
7
288
293
29
5
295
296
296

295
293
294
295

294
296

298
297
297

297
297
298
297

294
288
28
0
278
278
282
28
3
284
285
28
6
286
287
287

287
287
287

282
281
280

282
281
276

274
279
279
2
74
279
270
27
7
280
279
279

277
279
279
27
8
276
276
275

276
276

275
278
279
280

281
282
282

280
282
274
2
75
274
274
27
7
279
280
28
2
283
283
284

283
284
280

278
276
275

275
278
278

277
275
276
2
78
278
279
27
7
278
281
282

282
283
284

286
288
288

289
289
292
294

296
296
296

298
300
299

301
302
302
3
05
307
308
30
7
307
308
308

306
305
304

305
305
306

306
306
306

306
306
305
3
04
301
296
2
93
291
291
29
0
290
291
290

289
288
286

283
282
282

280
281
280
282

290
286
286

288
289
289

287
291
293
2
94
295
296
29
5
296
295
295

294
296
296

295
293
294

294
292
294

294
295
295
2
96
296
296
2
96
297
296
29
6
297
296
297

297
298
299
300

301
302

303
303
302
303

302
302
304

306
308
308
3
07
307
308
3
07
309
309
30
9
309
310
312

312
313
314

315
315
315

317
317
317

317
318
318
3
19
320
320
3
20
320
321
32
2
322
322
322

321
321
323

323
323
323

323
324
324
325

325
326
326

328
328
328
3
28
329
329
3
28
328
327
32
7
327
327
328

327
327
327

327
326
326

326
326
325

326
326
325
3
26
325
326
32
5
326
326
32
5
325
325
326

325
325
326
326

325
326
326

326
325
325

325
316
315

316
316
315
3
17
317
317
3
15
316
316
31
7
316
317
318

317
316
317

317
318
318

319
320
320

320
321
321
3
20
320
320
32
0
320
320
32
1
319
318
319
31
9
318
318

319
318
319
320

320
320
320

319
319
318

318
318
317
3
17
318
319
31
7
318
318
31
9
319
318
319

319
319
320

320
321
323

324
324
323

324
324
324
3
49
358
355
36
4
378
375
36
9
376
385
379
37
4
383
390
381

378
390
393

384
381
392

393
383
384

395
393
383
3
87
397
392
38
2
388
396
39
0
383
391
397

388
384
393

397
386
385

395
397
387

390
402
401
3
91
399
413
409
4
02
418
434

423
425
460

477
467
478
514

506
474
490

521
502
475

501
526
490

471
504
519
4
82
471
504
50
2
463
463
49
9
491
456
464

494
479
445

461
489
465

435
460
481

447
423
449
4
61
428
419
45
1
458
426
426

458
456
422
43
0
463
451
419

436
479
476

448
474
500

471
450
479

498
466
454
4
87
496
461
45
7
493
492
456

462
499
488

453
469
501

482
452
478

503
476
453
4
84
503
471
4
53
490
502
464
4
57
494
495
45
4
455
494
48
2
440
450
479

455
419
438

463
433
406

435
451
412

383
415
430
3
91
384
416
41
5
365
368
412

408
369
383

421
406
364

388
414
389

344
368
401
3
79
356
398
4
15
371
357
391
4
00
357
350
39
4
397
354
363

406
392
355

376
419
393

356
387
419

390
368
406

432
400
390
4
30
450
401
39
8
447
444
392

395
447
437

389
405
450

430
393
425

462
428
398
4
37
464
420
3
97
448
465
422
4
18
469
472
42
4
427
474
464

415
433
478

456
415
445

480
450
421

459
485
448
4
32
474
492
4
45
438
481
48
3
419
414
450

434
392
411

452
422
357

366
394
384

367
390
409
389

376
403
415

391
384
421
4
30
391
400
44
1
435
421
450

494
481
443

467
501
475

444
474
501

469
451
485
5
02
462
444
4
80
490
448
44
6
485
486
450

457
497
487

448
463
500

481
446
469

500
476
448
473

498
469
446
4
75
497
466
4
45
480
493
45
6
446
483
487

443
439
476

472
431
440

477
462
427

445
469
436
4
06
426
448
4
20
402
427
44
3
415
402
430

434
404
401

429
425
398

403
429
420

397
408
429
4
16
397
411
429
4
12
396
415
4
26
405
393
41
3
421
400
395

415
416
394

393
411
407

388
395
412

405
389
398
4
15
403
389
40
3
418
402
39
4
419
433
413

411
442
448

424
438
479

470
440
455
489

466
441
466

491
460
444
4
76
488
454
4
45
480
482
44
8
451
485
481

446
459
493

478
446
471

501
475
451

485
504
469
4
55
493
502
46
2
460
498
49
7
457
462
503

491
455
468

502
484
453

474
502
478
455

482
502
470

456
489
500
4
65
460
494
49
6
460
465
50
3
493
460
477

511
492
461

486
513
485

462
490
508

475
463
487
4
93
456
452
48
9
492
454
459

495
485
450

462
496
481

460
485
512

481
454
473

497
473
453
478

499
471
452
4
81
497
466
46
3
508
519
48
5
478
513
514

477
480
517

509
473
484

517
501
470

492
519
495
4
68
494
514
48
1
461
487
498

464
455
494

494
458
456

488
479
438
435

460
443
417

435
452
430

406
419
451
4
29
418
443
46
4
435
410
41
7
407
380
384

410
392
345

330
315
297

289
286
296

300
297
295
2
98
292
288
29
7
303
299
297

300
301
299

300
304
305

303
296
303
302

299
300
302

301
299
300

302
301
300
3
02
304
303
30
2
305
307
304

302
303
302

299
298
302

304
302
304

306
306
304
3
06
308
308
3
07
309
310
307
3
04
305
306

302
301
302

302
301
303

305
306
304

303
299
296
294

295
296
295

293
294
295
2
94
294
296
29
5
293
292
291

289
287
287

288
288
286

285
287
287

287
290
292
2
92
291
292
2
91
290
289
28
9
288
286
285
28
6
284
277
274

271
270

263
265
267
267

267
267
267

266
264
265
2
70
272
272
2
74
276
276
27
5
276
277
276

275
277
276

275
276
277

277
277
279

282
282
283
2
84
286
285
2
85
286
287
28
6
287
289
291

294
297
299
300

297
295
299

300
299
302

302
300
297

300
298
295
2
93
295
297
2
97
298
303
30
4
305
305
307

308
307
311

319
322
324

330
339
346

344
346
353
351

347
352
356
3
52
349
35
4
356
351
351
35
7
358
352
352

358
358
353

354
360
358

352
356
360

355
351
356
3
62
360
359
3
58
361
357
35
5
361
363
352

352
359
360

354
355
361

358
351
355

363
360
357
3
62
367
363
35
9
364
367
36
2
360
365
367

361
360
368
369

362
364
372

374
369
372

380
378
373

378
384
380
3
77
384
388
38
3
381
387
38
8
384
378
381

378
363
363

372
364
352

348
352
348

343
346
349
3
44
339
343
34
5
339
334
33
9
339
333
330
33
4
332
325
324

328
327
322

323
327
324

318
322
326

324
323
328
3
32
328
326
33
0
332
327
32
5
330
330
324

323
328
327

322
323
327

326
321
324

327
325
321
3
25
328
324
322
3
27
330
325
32
3
328
329
32
4
324
329
328

323
324
328

326
321
323

327
325
322

325
329
325
3
24
330
334
33
0
329
333
33
4
328
327
332

332
326
327

332
331
327

329
333
330
327

329
333
3
29
327
331
333
3
29
329
333
33
3
329
328
33
3
334
330
330

335
334
332

332
337
336

333
337
344

344
344
355
3
63
359
360
37
6
382
373
374

385
383
370

366
373
370

358
363
372

367
357
362
3
72
364
358
3
66
373
364
359
3
69
374
365
36
4
375
377
36
6
367
379
378

361
359
358

350
340
347

356
351
342

350
352
343
3
37
345
348
33
9
335
339
340

335
337
350

350
340
347

366
364
354

360
370
364
3
57
367
376
370

365
378
382
3
79
391
405
40
9
400
401
414

415
403
404

417
413
402

407
417
410

401
409
417
4
09
402
410
4
15
403
399
40
8
410
397
395

405
404
392

393
404
401

390
396
407

403
392
393
396

383
383
388

386
375
371
3
76
375
367
36
6
373
372
365

363
365
361

357
358
364

361
358
361

366
364
364
3
68
369
364
3
62
366
364
35
8
361
364
364

358
358
361

358
352
353

357
354
350

352
354
351
3
47
350
352
349

347
350
351
3
46
345
349
34
8
343
343
348

346
342
343

347
344
339

341
344
341

338
342
344
3
41
339
343
3
44
339
339
34
3
343
339
338

342
342
339

341
343
342
339

342
346
343

341
345
347

344
343
346
3
48
344
343
3
47
348
344
34
4
347
347
343

344
349
347

344
346
350

347
344
347

350
346
344
3
47
349
346
34
4
347
348
34
4
343
348
348

343
345
349
347

343
345
349

347
343
346

349
346
343

347
349
345
3
44
348
349
3
45
345
350
35
0
345
345
349

348
344
347

352
349
345

351
357
354

352
359
365
3
57
354
362
36
5
358
357
36
4
363
356
357

364
360
353
354

358
354

348
352
359
368

373
388
398

391
385
395
4
01
391
387
3
99
402
391
39
0
403
403
391

393
404
401

390
395
405

399
390
398

407
395
383
3
96
400
392
38
9
401
404
39
2
386
393
392
37
2
373
379

370
362
365
369

369
365
371

373
362
351

349
343
334
3
31
336
336
33
2
333
337
33
8
332
332
336

334
330
332

334
332
328

327
327
324

322
322
322
3
21
319
319
31
7
311
309
312

313
313
315

321
323
320

323
329
328

325
329
334
332

329
332
336

333
331
336
3
39
337
337
34
0
342
338
34
0
346
347
342

343
347
345

334
338
347

346
342
348

353
348
343
3
50
356
351
34
3
338
336
330

331
341
343
33
9
355
372

372
363
370
381

377
367
373

383
376
369

379
384
373
3
69
379
383
37
1
370
380
379

367
368
379

376
365
369

378
373
361

368
373
364

350
356
359
3
49
340
347
34
7
337
334
342
34
1
332
333
34
1
338
329
332

338
334
327

328
332
326

322
325
327

321
318
323
3
25
322
321
32
6
325
321
322

330
328
323

325
330
328

325
332
336

332
329
333
3
38
333
331
3
36
337
332
33
0
336
332
324

324
332
334

329
330
335
333

328
331
336

331
325
329

332
328
324

329
332
327
3
25
330
331
32
4
323
329
328

322
324
328

326
321
323

327
323
318

322
325
320
317

322
324
319

317
322
32
3
317
316
322

322
316
317

322
320
313
316

321
317
313

317
321
317

314
318
320
3
16
314
320
3
22
318
319
32
7
328
323
325

331
331
325

327
333
331

325
328
328

323
320
341
359

354
351
3
63
369
360
363
3
76
380
369
36
9
381
379

367
371
383
378

367
373
383

375
367
376

383
372
362
3
69
371
360
3
56
368
369
35
7
358
372
371

359
363
373

367
356
358

366
357
348

358
366
357
3
51
361
367
353
3
50
363
366
3
55
356
367
36
5
353
357
369

366
359
369

382
376
367

376
385
377

372
385
391
3
78
373
385
3
86
371
369
38
2
382
370
371

379
373
362

367
377
370

360
369
379

369
361
371
3
77
365
360
370
3
78
369
368
3
80
381
368
36
8
380
376
365

365
375
369

359
365
373

365
358
365

368
355
343
3
47
346
335
33
1
336
335
32
3
319
323
324

318
320
325

322
317
319

323
320
314

318
321
317
3
14
320
323
318
3
18
325
325
3
18
316
320
31
8
312
310
314

311
308
310

312
309
304

306
308
304

302
305
307
3
03
302
304
30
3
300
300
30
3
301
299
299

301
300
298

301
303
303

305
308
310

308
308
310
311

310
311
314
3
15
313
317
32
0
321
323
32
9
333
334
333

335
338
337

335
337
340

338
336
343

350
349
353
3
72
379
361
36
8
388
375
35
9
352
349
333

317
315
317
311

307
312
315

308
305

309
310
307
3
06
307
307
303
2
99
302
300
29
4
296
299
29
6
292
294
295

293
290
292

293
292
290

291
291
289

290
292
294
2
96
298
301
30
1
300
301
303

302
300
301

302
300
298

305
310
313

315
318
320
3
20
320
323
325

324
324
327
3
28
328
330
33
3
333
334
33
8
341
368
419

471
484
454

453
485
480

445
450
482

472
443
458
4
88
472
445
46
8
491
467
448

475
491
462

451
479
488

456
452
484

485
453
459
4
91
483
452
464

494
480
456
4
80
505
483
46
1
490
508
480

467
497
507

476
472
507

510
476
479

513
503
467
4
78
512
499
4
69
490
517
49
4
470
496
517

490
477
515

531
498
489
521

522
483
477

505
498
469

478
507
494

468
489
516
4
94
470
496
51
7
489
472
501

513
481
472

503
508
476

475
505
500

470
482
512
5
02
473
489
5
14
493
469
49
3
518
495
478

505
525
494

486
518
526

494
494
528
526

490
496
527

511
460
469

495
479
455
4
74
495
475
45
7
480
495
471

461
490
498

471
467
495

494
463
464

490
483
455
4
66
493
483
4
60
479
500
47
8
458
475
492

467
457
484

495
467
461

488
489
428
425

429
381
347

346
347
348
3
48
350
350
3
49
348
348
34
9
351
352
353

353
348
344

341
338
337

338
340
342

343
344
344
3
41
338
337
33
8
338
338
33
8
338
338
338

338
338
337
337

335
334
334

335
335
333

333
332
332

332
337
338
3
39
340
338
3
37
337
338
33
8
338
338
338

335
334
334

335
337
333

332
332
332

334
335
334
3
33
333
334
33
4
335
336
33
7
337
339
340
34
0
342
343

344
344
343
344

344
343
342

342
342
341

341
341
341
3
41
342
342
34
1
341
340
34
1
341
341
342

341
340
341

341
339
337

334
332
331

331
330
331
3
31
331
331
33
1
330
330
33
0
330
329
329

330
330
330
329

328
328
327

327
327
329

330
330
329

330
330
329
3
31
332
408
44
6
465
440
42
5
448
458
430

425
455
457

424
424
453

449
418
427

455
442
415
432

457
438
415
4
40
458
433
4
17
444
456

427
419
448

453
421
422
452

448
419
429

457
447
424

440
466
448
4
24
448
468
44
4
429
458
47
2
445
437
466

472
443
442

472
470
441

447
476
465

438
452
477
4
61
437
461
484
4
61
445
477
48
7
455
446
48
1
491
461
457

486
487
453

457
489
482

453
465
492

476
449
474
5
02
484
463
48
7
501
471
455

481
493
460

453
485
488

455
457
491

485
448
451

479
465
435
4
53
479
456
432
4
59
479
451

436
465
476
44
3
433
461
461

421
414
437

428
385
392

421
407
378

397
423
409
3
84
403
420
37
2
350
377
391

365
358
390

399
365
366
398

401
376

382
413
399
3
70
387
415
3
96
368
389
409
3
83
366
396
41
4
386
377
41
0
419
388
392

433
440
414

423
447
434

404
421
452

439
414
427
4
36
406
384
41
1
430
403
410

445
447
416

415
452
462

434
438
467

460
428
442
4
70
445
397
416

441
417
392
4
22
445
417
40
2
413
416
372

344
370
380

341
330
366

363
327
338

380
372
338
3
59
390
369
3
43
375
407
38
4
367
400
415

377
385
424
43
0
391
381

410
405
387

419
454
440
416

461
503
48
3
438
467
498
4
74
464
510
55
7
535
537
579

596
561
552

588
588
553

561
599
587

547
566
596
5
76
547
572
5
85
385
369
36
3
365
361
362

359
364
362

359
352
350

339
332
320
296

307
306
2
97
286
288
29
5
295
295
293
2
89
281
278
27
2
265
263
262

262
264
267

268
268
266

267
271
271

269
272
273
2
72
272
272
2
70
271
273
27
5
275
277
278

278
279
280

279
279
279

281
282
281

282
283
283
281

281
281
28
1
280
279
282
2
87
289
290
29
0
285
289
289

295
295
296

292
296
296

285
292
292

289
290
286
2
86
285
285
28
3
285
288
28
4
281
281
275

276
275
274

275
278
278
280

279
278
277

275
275
276

277
278
280
2
84
287
287
2
91
293
296
29
6
297
298
299

297
299
298

299
298
299

303
305
306

309
309
310
3
12
313
316
31
8
320
321
32
2
322
322
323

320
317
319

322
318
317

317
315
313
316

318
314
309

299
292
287
2
79
273
271
27
0
276
272
27
1
269
269
273

279
281
283

284
284
282

282
283
286

287
285
286
2
86
284
282
28
5
290
293
293

295
296
296

295
296
294

298
296
298
300

299
299
299

301
290
286

290
289
289
2
90
288
286
28
6
290
291
29
2
294
296
293

293
294
293

293
293
294

296
294
294

300
298
293
2
84
283
258
25
1
254
253
256
25
8
256
259
25
5
254
256
258

253
251

245
251
249
244

238
242
236

235
243
240
2
36
240
241
23
8
238
239
24
1
239
240
241

240
240
238

240
240
239

241
240
241

241
244
244
2
44
243
242
24
3
245
245
246

247
248
249

250
250
250
251

252
252
253

254
254
256

256
257
257

256
256
250
2
48
247
246
24
6
245
248
249

250
251
251

252
251
251

252
250
249

250
248
248
2
51
252
254
2
54
256
257
25
6
257
259
259
25
8
258
259

259
259
259
260

259
259

259
258
256
256

257
258
255

254
252
249
2
48
250
251
24
7
246
250
253

247
248
244

240
234
244

248
248
244

244
248
246
2
45
240
243
2
45
244
246
24
5
246
247
248

254
254
257

259
255
253
253

255
258
257

258
259
260

264
268
270
2
69
268
269
2
71
272
273
27
4
275
276
277

277
278
278

279
279
280

280
281
281

282
282
282
2
83
283
283
2
83
283
282
282
2
81
281
280
28
0
280
280
279

276
273
271

269
266
264

262
257
256

257
256
254
2
55
256
257
2
51
248
248
24
8
248
249
250

250
251
255

255
256
262

264
266
265

267
269
269
269

270
271
27
0
262
260
261
2
60
258
258
25
5
256
256
258

258
260
262

264
263
261

258
263
266

267
267
268
2
70
271
273
2
74
275
276
27
7
277
277
275

274
277
276

275
277
278

278
278
278

279
280
280
2
81
282
282
281
2
83
281
280
2
81
281
282
28
7
287
287
287

287
289
291

292
290
290

290
290
291

292
293
292
2
92
293
294
29
4
296
299
29
9
299
298
299

298
293
289

287
286
287

287
288
289

289
290
289
289

289
290
28
8
288
289
29
0
290
291
292
29
2
293
293
294

293
293
346

404
393
361

380
409
384

357
386
410
3
81
363
396
41
0
377
369
40
5
409
373
371

407
403
366

376
411
399

367
385
415

395
366
393
4
17
389
368
398
4
15
381
370
40
3
413
377
37
4
410
409
371

377
415
403

366
382
415

397
366
388

415
387
364
3
95
413
378
36
2
398
408
37
1
366
402
405

365
368
408

400
360
374

408
389
354

378
407
379
3
50
379
401
365
3
48
385
398
36
0
353
392
39
5
354
356
395

387
351
363

397
374
338

362
390
354

323
354
370
3
30
312
349
36
5
325
319
360

359
314
316

364
356
309

325
356
337
294

326
378
3
50
311
350
394

354
310
363
4
03
358
369
44
4
483
423
41
4
474
477
410

408
467
453

389
407
469

445
394
436

488
443
393
4
36
472
415
38
5
439
463
406

393
454
458

395
398
451

438
383
404

456
430
374
4
05
449
411
368

413
447
399
3
74
424
446
39
5
383
437
444

384
383
436

425
369
389

442
415
366

399
443
403
3
62
408
443
3
94
367
417
43
7
384
368
420

425
371
369

406
405
357

375
424
401

352
380
423
3
91
350
391
424

385
359
406
4
28
379
366
41
6
426
372
375

426
420
362

371
419
405

358
389
438

410
371
411
4
61
421
400
4
46
471
417
39
7
445
458
390

373
451
486

413
399
433
386

314
338
386

342
294
3
17
357
308
257

297
334
274
2
38
318
407
38
5
523
615
548

513
489
503

486
445
454

488
450
379

413
460
419
3
79
437
475
4
25
397
448
47
0
410
402
463
47
2
419
421

471
462
411

430
474
455
410

420
423
3
92
368
406
429
3
98
388
431
4
42
407
399
43
4
435
398
403

441
436
403

416
445
429

395
417
446

419
394
424
4
48
418
400
43
2
445
412
40
8
445
458
426

428
464
459

426
438
471
458

426
445
475

452
425
452

476
442
416
4
39
450
419
4
10
447
442
37
1
373
428
432

412
402
438

398
337
337

367
329
288

324
338
258
2
50
337
360
32
8
341
368
36
5
324
320
327
30
9
289
327

386
373
352

368
401
392
373

403
431
401

386
417
424
3
98
401
433
4
19
390
399
42
0
413
390
396

418
406
379

404
430
415

398
423
439

416
409
439
4
50
424
423
45
0
455
427
43
1
456
453
427

438
464
456
432

446
470
452

429
449
471

450
432
427

426
386
381
4
16
420
394
39
0
426
425
38
6
389
425
415

384
401
439

421
390
409

426
407
392

432
439
406
393

423
425
379
3
67
409
416
3
84
408
438
42
6
390
414
441

427
402

420
442
421
408

441
452
421

415
442
439
4
13
417
454
45
0
423
436
45
7
446
417
436

463
444
425

450
459
440

423
452
464

437
425
457
4
63
437
440
46
3
460
433
442

465
452
428

437
457
444
425

444
465
446

430
453
468

440
436
462

472
446
442
4
71
469
442
44
5
476
469
444

455
484
470

447
463
487

467
444
474

487
462
448

478
487
459
4
57
485
486
45
5
460
489
483

453
468
494
48
0
454
475
496

474
455
482

497
468
462

489
496
467

466
494
494
4
66
473
500
48
8
465
476
503

484
464
482

503
482
463

486
497
475

466
493
496
4
73
472
498
4
96
473
475
49
9
497
472
481

504
494
472
48
8
506
491
473

493
509
488

476
496
508

483
480
502

507
482
483
5
07
506
481
48
5
510
502
482

490
517
501

481
496
517

497
478
503

514
489
477
507

512
486
484

510
510
48
2
488
515
506
47
7
496
518
502

478
500
519

498
479
505

518
489
485

511
515
487
4
88
515
514
4
85
492
518
50
7
486
497
520

501
483
501

521
500
484

508
518
493

487
514
514
4
91
492
516
51
4
491
495
519
5
12
491
500
51
9
507
487
504

520
504
486

510
521
497

486
506
516

492
491
510
5
15
492
494
5
17
513
490
49
7
520
509
487

499
522
506

487
502
522

501
488
511

521
496
487
517

519
493
49
0
520
518
49
2
497
523
514
48
8
505
526
511

487
511
527

507
490
517

527
499
495

520
524
496
4
98
524
522
4
93
503
526
51
6
493
508
530

509
493
513

530
508
494

519
529
501

498
523
522
501

503
526
521
4
99
506
530
5
17
498
511
52
9
516
498
515

528
513
498

520
529
507

501
524
528

504
505
523
5
26
502
507
52
7
524
502
51
1
531
519
499

512
531
516

499
516
532

510
501
522

531
507
502
526

528
504
503
5
30
527
505
5
11
534
522
49
9
516
536
519

496
521
535

514
499
525

534
509
504

529
531
502
5
08
533
529
50
2
513
535
52
6
501
517
538

518
502
522

537
514
504

528
537
508

507
532
532
5
08
512
535
52
9
507
514
538
52
3
506
521
53
8
522
506
525

535
519
506

529
533
514

510
534
536

513
514
533
5
34
511
517
53
3
530
509
52
2
537
526
508

522
540
524

508
525
541
518

511
530

537
515
513
534

535
512
513
5
38
533
511
51
6
541
529
51
0
521
542
526

505
527
541

519
507
533

539
515
510

536
537
511
5
14
538
534
50
6
519
541
530

506
525
544

525
506
530

544
516
508
534

540
515
513

536
538
513

517
540
533
5
11
522
542
52
5
510
527
54
6
524
509
531

541
523
513

535
537
518

516
539
536

515
518
541
5
36
514
521
54
0
533
512
528

542
530
513
53
2
543
527

515
532
542
522

516
532
543

518
520
539

539
517
520
5
42
536
517
52
2
545
532
515

527
545
529

512
533
546

524
511
538

544
520
515
5
43
540
517
5
21
545
538
51
3
527
547
534

512
530
549

532
511
536
549

522
518
540

545
517
522

544
542
516

523
546
538
5
15
525
548
52
9
512
530
547

525
513
533

544
517
511

533
536
513

511
533
531
5
11
513
538
5
34
509
518
53
5
520
498
512

528
510
495

514
520
500
490

511
522
499

497
515
514

492
494
515

513
489
497
5
14
501
476
48
5
508
491
473

490
505
487

473
495
507

480
467
493

497
470
466
4
91
489
462
4
64
491
483
45
5
467
491
477

454
474
492
471

448
474
486

460
450
477

483
455
458

486
487
460
4
66
492
485
4
59
473
494
47
7
458
477
494

470
455
479

491
464
457

482
487
462

462
486
484
4
62
467
492
48
2
460
471
495
4
80
460
477

493
479
462
484

497
475
465

490
496
471

469
490
492

468
470
492
4
90
466
476
4
95
486
464
47
9
497
481
464

477
496
475

464
484
496

472
466
489

494
468
464
4
93
491
466
46
7
493
485
46
3
473
496
476

447
463
479
455

430
463
475

450
441
469

476
449
451

479
477
445
4
57
482
472
44
1
455
476
45
5
433
456
473

449
435
462

475
447
441

469
474
444

446
472
467
4
44
450
475
45
8
438
453
47
8
462
441
459
47
7
458
438
464

474
451
443

469
469
448

446
471
466

438
421
437
4
44
418
436
45
3
438
416
43
2
451
435
423

451
471
438

419
446
465

440
434
447

427
381
357
3
73
363
308
31
6
358
354
331

351
377
354

325
358
383

322
284
330
361

328
320
365

375
335
334

384
390
347
3
64
422
405
36
3
380
430
39
7
357
392
429

401
370
416

440
394
384

428
435
403

408
445
445
4
04
416
454
42
6
383
406
446
41
3
387
419
45
2
416
380
407

418
378
363

410
411
371

375
421
408

361
366
410
4
06
369
385
42
2
402
363
392

416
396
368

385
401
359

347
385
411

373
376
396
4
12
399
424
449

450
416
418
4
38
426
411
43
7
464
449
43
5
462
476
437

424
459
474

449
442
473

477
451
454

484
474
445
4
55
483
465
43
6
456
482
464

442
466
484

460
445
473

484
453
450

478
477
439
447

477
475
4
45
457
484
46
9
448
465
488
46
9
448
472
490

467
450
477

485
459
454

482
483
460

462
489
486

459
467
494
4
85
461
477
50
0
485
464
485

503
480
462

488
499
475

466
489
498

472
471
492
492

458
462
483

475
450
461
4
89
475
451
46
2
486
468
449

469
486
465

405
445
481

449
371
372

372
373
371
3
73
374
376
3
74
377
379
37
7
377
379
380

376
378
380

378
378
381

383
381
381

384
382
384
3
88
389
391
388

391
392
392
3
92
393
395
39
2
393
396
396

393
395
396

398
397
398

398
396
397

398
397
395
3
97
398
398
3
98
398
399
39
8
398
399
399

396
397
396

397
395
396

398
397
397
397

398
396
400

399
399
399
4
00
400
400
4
01
401
402
40
1
402
402
403

401
404
403

404
404
405

405
404
407

408
408
405
4
10
411
411
4
11
412
411
41
1
411
412
411

411
414
415

415
415
417

418
417
417
419

420
419
421

421
421
420
4
21
422
422
4
20
421
422
42
1
422
422
423

421
422
422

422
422
422

423
422
421

419
418
414
4
15
413
412
41
1
412
413
41
3
412
409
407

403
405
404

401
397
400

399
401
402

405
404
406
409

410
410
410
4
10
411
412
4
12
413
413
41
2
412
412
410

409
410
410

409
408
409

409
409
409

410
410
409
4
11
410
409
40
8
410
410
41
0
409
410
410

409
410
411

411
409
411

411
411
411

412
413
412
412

415
415
414
4
16
417
418
41
7
418
419
41
9
417
417
418

417
418
418

419
417
418

419
419
419

419
420
419
4
20
421
421
42
0
421
421
422

421
421
422

422
422
422

423
422
424

424
425
424
425

425
425
426

426
426
425
4
27
427
427
42
6
428
427
42
7
427
427
427

426
427
427

427
426
427

428
427
427

428
428
428
4
28
428
428
42
8
429
429
430

431
432
431

430
430
429

426
421
421

421
419
418
419

419
418
417

418
418
417
4
18
420
420
42
0
421
421
42
2
421
422
423

422
423
423

424
423
424

424
425
424

425
425
426
4
25
425
426
42
4
425
425
425

425
426
426

427
426
427
427

426
427
426

426
425
426

426
426
425

426
426
426
4
27
427
428
42
7
428
428
428

428
427
425

424
424
423

423
423
424

425
426
425
4
26
424
422
4
22
420
419
418
4
18
420
421
41
8
416
412

411
413
415
415

416
419
420

416
412
409

407
409
408

406
404
407
4
11
413
409
40
8
405
404
403

404
403
404

403
402
404

404
406
407

404
406
405
4
04
403
403
4
06
400
398
39
4
399
390
388
38
8
389
389
391

389
384
383

384
386
387

390
386
394

393
395
392
3
93
393
393
3
91
392
393
39
0
390
390
390

385
388
384

383
380
382

381
381
383

383
383
381
3
82
384
385
3
83
386
389
387
3
87
389
388

385
387
388
389

386
391
392

391
392
392

392
391
392

390
391
386
3
90
390
390
3
89
391
391
38
9
390
392
395

391
394
395

394
394
392

394
392
392

393
392
389
3
92
393
395
39
1
393
395
39
4
393
395
395
39
4
397
399
398

397
397
399

399
397
399

399
398
398

398
398
395
3
98
399
400
4
00
400
399
39
8
398
399
400

398
401
401

403
402
404

404
404
403

404
403
401
4
00
399
400
39
9
400
399
400
4
00
401
400
40
0
401
402
402

400
400
400

394
387
387

384
383
384

385
384
388
3
89
389
389
38
7
389
390
39
1
391
393
394

392
394
396

397
397
398

400
400
401

402
402
401
4
02
404
404
40
2
404
405
40
5
404
406
406
40
6
405
407
408

406
407
407

407
405
406

406
406
406

405
406
406
4
07
408
410
41
0
409
411
41
1
410
408
409

408
410
410

410
409
411

411
412
412

412
412
412
4
13
413
413
411
4
09
408
409
40
7
408
409
40
9
409
408
406

404
407
406

404
402
403

402
401
400

397
397
396
3
98
398
399
39
7
398
397
39
6
396
394
394

393
393
395
395

394
396

395
396
396

396
390
389
3
91
392
393
393
3
97
398
399
39
6
398
399
39
9
398
398
399

399
399
399

400
400
402

403
403
402

404
405
404
4
05
406
408
40
7
407
408
409

408
409
410

410
409
410

410
409
410

410
410
409
409

410
411
4
10
411
412
410
4
12
412
413
41
2
413
413
41
4
413
413
413

411
412
412

412
410
412

413
413
413

414
413
413
4
13
413
413
41
3
414
415
415

414
415
417

417
416
417

417
416
418

419
419
417
418

419
419
417

418
418
416
4
17
418
418
41
6
418
419
420

418
420
421

421
421
422

422
421
422

423
423
421

423
423
423
4
24
425
426
42
4
425
426
427

424
426
426

425
424
423

424
422
423

423
423
421
4
23
423
423
4
22
422
423
42
2
423
423
422
42
1
421
421
421

420
421
421

421
421
421

422
421
422

422
422
421
4
22
422
423
4
22
423
423
42
2
423
423
422

421
423
423

423
422
423
423

422
419

419
419
417
4
19
420
421
420

420
420
419
4
19
420
420
41
9
420
421
421

421
422
422

423
423
423

423
421
422

423
424
421
4
22
423
424
4
23
424
425
42
4
425
425
426

424
425
426

427
424
426
426

426
425

425
426
424
4
24
424
423
422
4
23
425
426
4
26
426
427
42
6
428
428
428

427
428
428

429
428
429

428
429
429

430
430
428
4
30
430
431
42
9
431
431
43
1
431
432
432

431
432
433
433

431
433

433
433
431

433
433
432
433

433
433
432
4
33
433
433
4
32
432
432
43
1
432
432
432

432
432
433

433
431
432

433
433
433

433
434
432
4
34
434
435
43
2
434
435
43
5
432
433
434

432
433
434
434

432
434

434
434
433
434

434
434
434

435
436
434
4
35
435
435
4
34
435
435
43
5
435
435
435

434
435
435

435
434
435

435
436
435

436
436
435
4
36
436
436
43
5
437
437
43
7
437
438
438

438
439
439
438

437
438
437

436
436
437

436
436
435

438
440
438
4
40
441
441
44
0
442
442
44
2
441
442
442

441
442
443

442
441
443

443
443
442

443
443
443
4
42
444
445
44
3
444
445
445
4
44
445
445
44
5
444
445
445

443
445
445

445
443
444

445
445
444

444
444
443
4
44
444
444
44
2
443
443
44
4
442
443
443

442
442
443

443
441
443

443
443
442

443
443
443
4
43
443
443
44
2
443
443
443

441
443
442

441
441
442

442
440
443
443

443
442
443

443
443
442

443
443
442
4
42
443
443
44
1
442
443
443

442
442
443

442
442
443

442
441
442

443
442
441

443
443
442
4
42
443
443
441
4
43
443
443

442
443
444

443
442
443

444
443
443
444

444
442
443

444
443
443

443
444
443
4
42
444
444
44
2
443
444
444

443
444
445

445
444
445

446
444
446

447
447
446
4
47
447
448
4
48
448
448
44
8
448
449
449
44
8
449
449
44
9
448
449
449

448
449
450

449
448
449

449
449
448

448
449
448
4
47
448
448
44
7
447
448
448

447
448
448

448
447
448

448
447
448

448
448
446
4
48
448
448
4
48
449
449
44
8
448
449
449

447
448
449
449

448
449
449

449
448
450

450
448
449

450
450
448
4
49
450
450
4
49
450
449
44
8
448
449
450

447
449
449

449
448
449

450
449
449

449
449
448
4
49
449
450
4
48
450
450
45
0
450
451
451
45
0
451
451
451

449
451
452

452
451
451

451
450
450

450
449
447
4
49
449
449
4
48
450
450
45
0
450
451
451

449
451
452

451
451
451

452
451
451

452
452
452
4
53
453
453
451
4
53
453
452
4
52
452
452
45
1
452
453
453

452
453
453

453
451
452

452
452
452

452
452
451
4
51
452
452
4
51
452
452
45
2
451
451
452

451
451
451

452
450
451

451
451
451

451
452
451
4
51
452
452
450
4
52
