653

644
634
625
6
30
623
621
60
5
618
624
622

628
619
633

633
630
641

628
620
630

652
650
641
6
54
669
663
6
53
667
678
66
7
660
675
679

664
661
674

673
660
660
672

669
653

655
669
659
646

654
663
654

641
653
660
6
49
642
654
65
7
643
640
655

657
644
646

660
658
643

648
664
656

645
654
667
6
58
647
661
6
71
660
654
66
8
675
662
660

676
677
663
668

684
684
669

677
694
686

676
687
699

690
679
693
7
00
687
680
6
89
691
676
67
1
681
678
658

659
669
664

646
649
662

651
635
643

653
641
630
6
41
647
635
6
29
641
647
63
4
633
646
647

633
638
653
653

639
646

661
653
642
653

664
655
644

658
666
654
6
50
662
667
6
54
652
666
66
6
651
655
669

667
652
659

673
665
653

662
672
662

652
664
671
6
58
652
664
66
9
654
653
66
5
666
651
654

668
666
650
656

669
659
648

657
667
658

646
660
668

655
651
663
6
69
656
655
6
68
668
652
65
7
670
667
653

658
672
663

650
660
670

659
649
662

669
657
653
6
67
671
659
660
6
74
676
66
3
670
687
685
67
8
688
704
697

689
699
710

700
689
701

707
691
685

695
694
679
6
75
682
679
66
3
661
672
66
6
649
653
664

654
642
650

659
650
638

652
658
644

640
653
659
6
45
644
659
66
1
647
649
665
6
62
649
655
66
9
662
651
662

673
665
655

668
678
666

663
676
682

671
672
685
7
08
684
685
70
2
695
680
68
9
704
694
681

692
704
693

682
696
704

687
682
697

700
684
684
6
98
698
682
68
2
701
694
677

687
701
691
67
7
689
699
688

677
691
697

680
677
692

698
684
683

697
698
680
6
84
699
694
67
8
688
702
693

680
693
705

695
685
700

708
692
688

705
710
696

695
711
711
6
94
699
678
69
2
678
685
700

700
691
704
71
4
703
689
698

699
682
672

679
678
661

657
667
663

643
646
657
6
51
637
642
65
4
647
634
645

655
647
637

651
658
644
642

656
660

649
650
667
6
67
651
656
673

666
654
661
6
74
666
654
66
5
675
665
65
6
669
675
660

655
669
671

658
657
673

669
654
658

672
666
652
6
60
671
664
65
0
662
672
661

652
666
671

659
655
668

671
659
659

674
672
656
6
60
676
669
6
55
662
675
666
6
54
665
675
66
4
655
668
673

659
655
669

670
658
657

673
671
654

658
674
667
6
53
662
674
6
66
653
666
67
6
666
657
671

677
665
663

678
681
669

668
684
683

669
673
689
6
82
666
675
686

677
665
675
6
83
673
663
67
4
679
666
661

675
677
663

661
675
672

657
661
675

667
654
661
6
71
662
649
6
60
668
657
64
8
659
666
651

648
662
662

649
650
664

663
648
653

668
660
649
6
57
667
660
64
9
661
670
658
6
51
663
667
65
3
651
664
665

650
654
667

666
651
658

672
664
653

662
673
667
6
55
668
675
66
5
659
670
67
4
661
658
670

669
653
655

667
665
650

655
668
659

649
657
669
662

653
665
671
6
59
653
663
6
67
654
655
66
5
666
650
654

666
664
650

656
671
664

654
664
675

668
660
673
6
81
672
668
68
0
686
677
67
8
691
693
682

686
699
698

685
690
703

694
683
689

696
685
673
684

687
673
664
6
74
674
660
65
5
665
663
64
9
651
661
656

641
647
658

650
639
647

656
647
638

650
657
646
6
42
655
659
64
9
648
661
66
3
651
654
669

666
654
660

673
667
656

665
675
666

657
670
676
665

661
673
676
6
63
662
675
67
5
661
663
67
6
672
658
664

676
668
656

665
675
666

655
667
674

660
655
667
6
71
659
657
67
0
669
655
657

672
667
653

660
673
666

654
664
674

666
655
668
6
75
662
657
671

675
661
660
6
73
673
658
66
1
676
672
65
8
666
679
671

659
670
679

670
660
673

679
666
662

676
680
667
6
67
679
679
66
2
667
681
675

662
669
681

672
660
670

678
668
658
670

676
661
657

670
673
659

659
674
671
6
55
659
673
66
8
654
661
673

665
652
663

672
662
652

665
672
659

655
668
671
6
58
656
671
6
69
652
656
67
1
665
651
658
67
0
661
648
65
8
668
658

648
661
667
653

649
661
663

650
649
664

661
645
649
6
64
659
647
65
4
666
658
648

659
669
659

651
666
672

660
657
671

673
661
661
6
75
672
658
6
62
677
670
65
7
664
674
666

654
665
673
663

654
666

670
656
653
666

668
655
655

671
669
656
6
60
675
668
6
56
666
677
67
1
660
672
682

672
665
678

684
671
669

681
683
669

672
684
682
6
68
672
688
6
80
667
674
68
4
676
663
674
68
0
669
659

670
674
659
655

665
666
651

651
663
660

645
649
664
6
55
644
652
6
62
653
642
65
4
663
651
645

657
663
650

648
661
662

646
650
664

663
649
654
6
70
663
651
66
0
670
662
650
6
62
670
660

653
666
671
658

655
667
668

651
655
666

665
649
654

668
660
648
6
56
668
659
6
49
661
668
65
7
652
664
670

657
655
667

670
653
658

672
671
657
663

677
669
658

665
676
66
7
657
666
674
6
64
659
670
67
6
677
671
678

674
666
671

679
685
677

686
699
691

676
684
694
7
00
688
695
69
9
686
681
69
1
695
680
678

689
687
670

670
685
681

666
671
686

677
667
676
6
87
677
666
67
9
686
671
666

678
673
660
65
5
669
669
664

663
677
674

662
667
680

673
655
670

680
671
663
6
75
681
670
66
5
678
684
67
4
672
682
685

673
675
689

682
674
679

691
684
675

682
694
685
6
78
690
699
68
8
684
697
700

688
685
694
69
2
680
680
694

686
670
676

687
680
668

675
683
675

664
674
679
6
68
662
673
67
5
665
662
674

676
664
666

680
677
665

672
683
677

665
675
686

678
671
689
6
99
687
683
69
7
704
693
694

708
709
696
69
4
709
704
691

687
703
692

682
687
697

686
676
689

694
681
676
6
90
692
678
67
7
689
687
673

673
694
687

672
679
689

679
666
680

693
684
675
6
86
690
675
6
71
683
686
67
3
673
685
685
67
2
673
687
68
3
670
678
690

682
671
681

691
682
673

687
693
678

674
687
690
6
77
677
689
68
8
674
677
689

683
669
675

686
678
665

677
686
677
667

681
688
6
73
671
685
6
87
671
672
688
6
86
671
677
69
0
685
671
680

693
685
673

685
695
684

674
687
694

679
675
688
6
89
676
676
6
90
689
672
67
6
690
683
670

680
690
681

668
682
691
679

669
684
690

675
672
686

690
677
678

691
688
669
6
76
690
686
67
3
682
693
684

674
686
694

683
673
685

690
676
672

685
684
672
6
72
688
682
6
65
669
684
67
6
664
672
682

675
663
672

682
672
663

677
682
669
669

682
684
673

675
691
686
6
69
675
691
6
82
669
678
68
8
681
669
682

690
680
671

684
689
675

671
684
686

672
672
687
6
83
667
672
68
7
679
667
67
4
686
678
666

679
689
678
670

684
688

675
672
686
686

675
676
690

687
672
675
6
90
681
668
6
76
686
678
66
6
678
686
675

667
680
685

672
669
681

682
669
670

683
680
654
6
54
663
663
64
6
656
663
65
9
650
662
671

663
655
666
671

662
659

670
672
662
661

672
670
658

661
673
668
6
56
662
673
66
7
655
664
67
4
666
658
668

674
652
643

657
669
668

670
683
685

674
681
697
6
91
673
677
68
4
673
660
66
8
676
664
654

663
666
652

645
657
658

645
643
656

654
637
640
654

647
635
640
6
53
645
631
63
9
646
635
62
0
650
666
653

649
660
663

649
649
662

662
649
651

664
658
647
6
53
665
658
64
9
660
669
659
65
2
662
667
65
6
653
665
668

654
657
668

669
654
656

669
663
652

657
668
659
6
48
657
667
66
0
654
668
67
4
664
659
669

669
654
653

660
656
638

639
652
646

633
639
647
6
39
629
639
64
7
636
628
637

641
630
629

641
644
634

637
650
652
637

641
654
650

643
649
660

654
643
653
6
62
654
648
66
1
667
655
652

660
663
652

651
660
656

641
641
650

641
626
631
6
38
633
624
6
32
636
629
62
5
636
640
632

630
640
641

631
633
644

642
629
630
640

636
627
6
35
647
646
640

653
661
654
6
51
661
668
66
0
658
668
668

657
657
667

664
652
656

666
659
649

652
659
649
6
37
644
650
6
41
636
647
65
1
641
638
646
64
9
639
638

647
642
631

633
645
641
633

639
663
662

633
639
657
6
47
648
656
6
64
659
645
65
3
640
648
678

710
706
684

682
689
686

679
693
694

675
654
659
6
64
650
637
6
34
615
591
58
1
579
560
609

627
703
735

744
752
755

742
723
717
709

691
672
669

661
639
627
6
32
633
619
6
12
617
618
60
8
609
621
620

613
621
634

631
626
637

647
641
634

645
650
642
6
40
652
658
65
0
650
661
66
4
655
657
669
66
9
658
664
675

670
660
666

675
669
658

667
669
659

654
663
667
6
56
653
661
6
63
650
648
65
6
655
643
646

653
650
640

645
652
646

638
644
650

642
639
646
6
51
646
646
65
5
657
648
649
6
59
658
649
65
3
661
657
650

656
663
661

654
666
675

665
660
669

671
662
661
6
70
670
658
66
0
670
668
65
7
662
671
666

656
663
671

666
657
666

672
664
660

671
675
667
6
66
677
677
66
6
669
680
677

667
671
680

676
667
672
680

674
666
674

679
668
663

671
673
663

659
670
668
6
55
655
666
66
3
652
656
66
5
659
648
655

663
656
647

657
663
653

649
659
662

653
651
663
6
64
651
654
66
6
662
651
655

666
661
650

658
667
660
652

660
667
658

653
664
667

658
656
668

668
656
657
6
70
667
656
66
2
672
667
65
6
665
674
666

657
667
671

661
657
667

669
659
657

667
666
654
6
56
667
663
65
1
656
666
660
64
9
657
666
65
9
651
661
667

658
653
664

667
658
655

666
667
654

656
668
664
6
52
657
668
66
2
652
661
669

662
655
664

671
662
658

669
672
664

662
674
674
6
63
664
677
6
73
662
667
676
6
70
659
667
67
4
666
656
66
5
670
659
655

665
667
656

654
666
666

653
655
667

661
650
655
6
65
658
647
65
6
663
656
648

658
663
653

650
662
664

652
652
663

663
650
655
6
66
659
649
6
55
665
659
64
9
659
665
655
64
8
659
668
660

655
665
667

655
657
672

678
669
670

670
679
640
6
09
591
641
6
66
706
711
73
1
738
774
782

768
755
750

740
715
702

700
689
667
655

633
552
4
65
412
470
61
7
666
727
759
7
84
778
818
80
7
850
856
833

802
760
730

715
693
659

638
627
607

590
593
600
5
95
584
588
5
93
587
583
59
4
601
596
595

605
611
604

608
622
628
624

633
651

655
651
655
6
62
654
642
648
6
56
652
647
6
54
658
647
64
0
636
630
606

551
584
622

634
650
706

737
745
756

769
765
753
7
56
757
743
72
9
729
727
70
9
695
701
700

678
647
575

655
677
697
708

710
698

687
672
655
6
50
656
625
591
5
30
590
648
6
40
644
649
65
6
650
641
656

683
666
648

664
601
538

611
583
602

642
678
725
7
44
742
745
74
0
719
704
70
0
691
670
659

661
653
635

632
638
630

617
620
628
623

616
625
632

625
622
632
6
38
632
633
6
44
647
640
64
3
657
657
649

655
666
664

657
665
674

669
662
671

676
670
666
6
74
679
671
67
1
679
680
67
2
672
681
679

669
673
680

674
664
669

677
670
661

668
671
661
656

664
666
656
6
54
662
663
65
3
653
662
65
9
648
652
662

657
647
653

661
654
645

652
660
653

646
652
650
6
55
659
669
66
5
640
623
606

572
581
600
63
4
650
657

674
692
695
695

711
726
723

723
731
735

721
712
712
7
04
682
671
67
4
668
653
64
9
654
641
622

622
622
640

601
602
608

604
608
622

623
608
612
6
33
635
626
62
9
643
646
646

663
680
677

668
681
691

682
672
684

689
674
671
682

682
669
669

681
678
662
6
65
677
673
66
2
669
680
673

662
673
681

673
666
679

684
673
671

684
687
677
6
79
692
690
6
76
680
692
68
6
674
680
689
68
1
668
676

683
673
662
673

677
662

658
669
668
657

655
668
665

649
653
666
6
59
647
652
66
1
653
643
654

664
658
652

665
673
665

665
678
683

674
675
690
6
87
674
678
6
92
684
672
67
8
687
680
669

677
686
675

666
676
679
667

663
674
674

663
662
675

672
659
662

676
669
657
6
65
673
666
65
6
667
674
666

659
670
674

663
660
671

672
661
660

673
669
655
6
58
672
666
6
55
661
672
66
7
658
667
672
66
8
667
679

686
678
669
671

667
657
658

673
673
662

666
678
672
6
61
669
678
6
73
663
673
68
3
676
670
683

690
680
678

691
695
686

686
698
697

684
684
696
6
88
673
678
68
8
678
662
67
2
679
667
656

667
671
656
652

663
664
651

650
664
663

649
651
667

661
647
657
6
68
662
650
6
62
671
660
65
2
667
672
660

657
671
674

660
662
674

675
660
664

679
672
659
6
68
679
670
65
7
669
676
66
6
658
669
675
66
3
659
671
672

660
660
673

673
658
661

676
668
656

664
675
667
6
55
667
676
66
6
657
670
67
6
663
658
671

671
656
660

672
671
656
661

676
668

657
666
677
6
69
659
671
680
6
70
662
673
6
80
668
664

676
679
665

667
682
683
668

673
688
680

669
676
688

680
669
681
6
90
679
672
68
3
688
676
67
1
684
685
669

671
683
682

666
670
684

674
661
668
678

669
656
666

675
662
655
6
67
673
661
65
8
671
671
65
4
659
671
671

655
660
675

667
657
664

674
667
656

667
677
665
6
59
671
676
66
4
660
672
67
3
656
659
671

670
654
660

676
669
657

666
677
669

658
670
679
6
69
662
674
681
6
69
666
678

679
664
666
67
9
679
662
668

683
674
662

670
682
672

661
674
682

670
664
676
6
81
669
666
67
9
679
663
666

679
679
661

666
682
674

661
670
681

672
661
673
6
82
669
662
6
76
682
669
66
5
679
679
665
66
8
682
681
66
4
671
686
677

664
674
685

676
665
677

685
674
665

678
683
670
6
67
680
681
66
4
668
680
679

662
666
680

670
659
667

678
669
657

668
676
664
6
57
670
675
661

658
670
671
6
55
656
671
67
0
656
660
663

652
638
644

654
650
643

654
662
656

652
664
670
6
61
661
671
6
73
660
661
67
1
664
655
662

675
670
662

669
674
663

657
668
675

665
659
667
669

657
656
667

667
655
657
6
68
665
653
65
8
668
661
652

659
666
658

650
660
665

656
652
662

666
655
654
6
64
663
652
6
55
667
665
65
3
660
670
662

653
661
669

661
653
663

667
658
655

665
668
659
659

669
670
660
6
63
674
673
6
64
668
680
67
5
668
677
686

681
673
682

687
676
671

679
681
669

667
674
673
6
60
659
670
6
65
652
655
66
3
656
646
652

659
651
642

651
655
644

638
645
651

641
635
645
649

640
644
659
6
57
650
655
6
70
664
655
66
4
673
666
657

666
671
660

656
664
667

657
655
665

664
653
653
6
65
660
648
65
3
661
655
64
6
654
663
655

647
657
662

652
648
659

664
653
653
663

662
652
653

665
660
649
6
55
666
661
6
51
657
666
66
2
658
668
672

659
654
663

666
656
655

666
667
657

658
667
662
6
50
654
666
66
3
653
661
66
7
657
650
662

672
665
660

674
680
675

676
680
681
671

676
693
697

688
694
702
6
95
681
685
68
8
674
662
67
1
677
665
660

668
671
660

656
665
664

654
652
663

659
646
652
6
62
656
646
65
5
663
656
648

658
663
653
64
9
660
663

653
652
663
663

652
655
666

664
652
657

667
661
650
6
60
668
660
65
3
660
665
65
4
649
659
661

650
649
658

656
644
648

661
659
650

656
665
659
6
49
656
663
65
4
648
658
663

656
654
666

669
662
662
675

675
663
667

678
674
664

669
677
671

660
667
674
6
66
659
668
67
3
662
658
66
6
668
657
654

664
661
648

650
660
654

644
649
658

654
645
653
6
61
655
649
65
8
665
657
655

666
670
662
66
2
674
674
662

666
677
672

661
667
675

669
659
667

674
666
659
6
67
671
659
65
5
665
665
655

654
665
662

650
653
664

660
649
655

664
657
648
6
56
664
655
6
49
658
662
653
6
50
660
661
65
2
651
661
65
9
650
653

663
658
650
655

663
657
648

657
664
656

650
659
663
6
56
652
662
66
3
654
653
663

664
652
655

664
660
651

657
665
659

650
658
665
6
57
651
660
6
64
655
653
664
6
65
656
656
66
5
664
654

658
668
663

653
659
667
662

653
661
667

660
654
662
6
66
657
654
6
62
662
652
65
3
663
663
652

656
668
663

656
662
671

666
659
667

673
666
661
6
70
674
665
66
3
673
674
66
4
667
676
676
66
5
669
679
674

665
671
679

672
664
672

677
669
662

669
672
662
6
58
665
666
6
54
653
662
66
0
648
651
660

655
645
651

659
653
646

654
659
652

647
656
660
6
52
650
660
66
1
653
653
66
3
663
653
656
66
6
662
654
659

667
662
652

661
666
657

653
661
664

654
654
663
6
63
653
654
66
6
664
653
65
6
667
662
653

658
667
661

653
661
667

657
652
662

665
656
654
6
64
664
655
65
6
666
665
654
6
58
668
663
65
5
661
669
662

655
663
668

660
656
666

669
660
658

666
667
657
6
57
667
664
65
4
658
668
66
2
654
660
668

661
654
663

668
659
655

664
669
661

660
669
668
6
60
662
671
669
6
59
663
671
6
67
658
665
67
1
666
659
666

669
660
657

663
666
657

656
662
662

653
654
662
6
60
651
655
66
2
657
648
65
5
660
655
649

657
661
654

651
659
662

655
655
664

665
657
659
6
70
666
658
66
2
670
666
657

664
670
664
65
8
666
669
660

657
665
668

660
660
669

668
657
659

669
665
657
6
62
669
664
65
6
663
670
663

657
666
669

661
658
667

668
659
659

668
666
656
6
58
667
662
6
54
659
666
661
6
52
660
666
66
0
655
663
66
7
658
657
665

667
660
660

668
667
658

664
674
669

661
666
673
6
69
661
668
67
4
668
662
671

675
667
665

674
676
668

668
677
676
666

668
677
6
72
662
667
6
74
669
661
668
6
74
668
662
67
1
675
666
664

672
673
664

663
671
669

658
661
670

665
656
661

669
663
656
6
64
670
663
65
8
666
669
660

658
668
668

659
661
668

668
659
663

672
667
660
666

673
667
659

667
672
665
6
60
668
670
66
3
660
669
669

659
661
670

668
659
662

672
666
658

665
671
666
6
58
667
672
6
65
662
669
67
3
664
663
671

672
662
665
674

672
662

667
676
671

663
668
675
669

661
670
674

666
662
670
6
73
664
664
67
2
673
662
665

674
672
662

667
677
671

663
670
677

670
664
673
6
78
670
667
6
75
677
668
66
7
675
674
664

666
675
673

663
668
677
670

663
668

675
668
660
6
68
672
664
661
6
69
671
662
6
62
670
669
66
0
663
671
668

660
665
675

672
664
670

677
671
664

673
677
668
6
65
673
675
66
7
667
675
67
4
666
669
679

676
668
673
682

677
670

677
684
678

672
681
686
677

674
683
685
6
75
675
683
6
83
673
674
68
2
678
667
672

680
674
665

670
678
671

663
673
677

665
663
671
6
73
665
664
67
2
671
662
66
3
676
673
663

668
677
671
665

673
680

673
666
675
677

667
664
674

675
665
663
6
71
671
662
66
4
673
669
66
1
667
675
670

663
671
677

670
664
672

675
666
664

672
674
665
6
67
674
673
66
1
665
674
67
0
661
666
673

667
659
667

672
665
659
668

671
662
660

668
674
667

667
677
676
6
65
670
681
67
7
668
674
68
1
676
668
675

677
669
660

669
671
663

660
669
670

661
660
670
6
68
657
661
67
1
666
658
664

670
666
657

666
673
665

661
670
674

664
662
673
6
74
665
665
675

672
663
665
6
76
670
661
66
7
675
669
66
1
669
674
667

662
670
673

665
663
672

672
663
664

673
671
662
664

674
669
66
0
666
671
666
65
8
666
672
66
6
660
667
670

661
659
668

668
660
661

671
670
660

663
672
668
6
60
667
675
67
0
663
671
677

671
666
674

677
669
667

674
675
666

666
675
674
6
66
671
683
6
79
670
678
68
4
679
670
679
68
4
677
671
67
8
682
672
670

679
679
668

669
677
676

664
666
677

671
662
665
6
72
667
659
66
7
673
666
661

669
671
661

659
668
669

657
660
668

667
657
662
6
70
664
656
6
62
670
663
65
5
663
669
661

657
665
667
658

658
665
664

654
657
668

669
659
666

676
668
659
6
65
671
664
6
57
667
673
66
3
661
671
672

663
664
677

681
671
674

686
684
674

680
692
685
6
78
687
695
6
87
680
690
693
6
83
680
691
69
2
683
682
690

689
677
676

687
681
672

677
685
679

673
680
687
6
80
675
683
6
85
677
674
68
2
682
673
673

679
678
670

671
680
675
667

671
678

672
665
671
6
76
670
664
67
2
675
666
664
6
71
672
663

663
670
668

660
663
669
666

657
661
668

663
657
664

668
661
656
6
64
665
657
6
55
662
663
65
5
655
662
661

653
656
664

660
653
659

665
661
656

662
666
660
6
55
662
665
657
6
56
663
663
6
56
658
665
66
2
654
657
665

661
654
659

665
660
654

662
667
661

657
664
666
6
59
660
667
66
7
660
662
67
0
668
660
664

673
668
665

672
678
673

667
674
678

672
667
674
6
76
667
665
66
9
669
662
664
6
72
669
662
66
5
674
669
662

668
673
667

661
668
672

667
663
671

673
665
663
6
71
671
664
66
5
673
670
66
2
666
674
669

662
668
673

667
661
668

671
663
660

666
666
658
657

665
668
661
6
65
674
675
66
7
673
682
67
6
670
676
683

678
672
680

685
678
674

682
684
675

674
683
682
6
73
677
684
68
2
673
678
68
6
680
672
678

684
678
670
677

680
673
670

678
680
671

671
678
679

671
674
682
6
81
671
675
68
4
678
671
67
6
683
677
669

677
681
674

671
679
680

672
671
680

679
670
672
6
81
679
671
67
5
684
679
671

677
683
677

670
679
682

674
671
679

681
674
674
6
82
682
675
678

687
683
674
6
79
686
681
67
5
682
687
67
9
674
683
684

676
673
681

682
675
674

681
681
673

675
684
680
6
71
676
683
67
8
673
679
685

678
672
680

682
674
671

679
681
673

673
680
680
672

674
683
681

673
678
685
6
81
674
681
68
7
682
676
684

687
680
677

685
686
678

678
686
683

673
675
684
6
80
672
678
6
85
680
673
68
0
685
679
673

682
684
675

675
683
685
677

678
687

685
675
678
687

682
674
678

685
680
673
6
80
685
678
67
2
680
683
673

672
680
680

672
673
681

679
670
674

683
677
670
6
75
681
676
6
68
676
682
67
5
671
680
683

674
673
682

682
676
678

686
684
676
680

690
684
676

682
688
684
6
77
685
689
6
82
678
686
68
8
680
679
686

686
676
678

687
686
677

680
689
683

675
680
687
6
81
673
680
6
84
676
672
67
9
682
673
671

680
680
670

674
682
680
670

674
684
678

671
677
683

678
671
679
6
83
677
674
6
82
684
676
67
4
682
682
672

674
683
681

671
676
685

679
672
679

686
678
672
6
80
684
676
67
3
681
683
67
5
674
683
683

674
676
686

683
675
679

689
684
676
682

688
681
675

684
688
680
6
76
684
685
6
77
676
684
68
3
674
676
686

683
675
679

687
681
675

680
687
681

674
682
686
6
78
676
685
68
7
678
677
68
5
685
677
679

688
684
675
679

687
683
675

682
689
682

675
684
688

678
676
683
6
84
675
675
68
3
682
673
67
4
684
681
672

677
686
679

671
679
685

679
673
681

684
675
673
6
82
683
675
67
5
683
682
673

676
685
681

673
679
686
680

673
680
686

679
674
682

684
676
673

682
683
674
6
75
684
684
67
4
677
687
68
3
675
681
687

681
674
681

687
680
675

684
687
678

675
685
687
6
79
678
689
68
6
677
681
691

686
676
683
69
1
685
675
684

690
683
676

685
688
680

677
686
686

677
676
686
6
84
674
678
68
8
682
674
680

688
682
673

682
689
681

676
686
689

681
680
688

689
681
681
6
91
689
680
68
3
694
688
681
68
7
693
687
68
0
688
693
685

681
688
690

680
681
689

688
680
680

688
686
677
6
81
690
684
67
6
682
689
682

674
683
687

680
675
684

687
679
677

685
685
676
6
80
688
688
6
79
683
693
68
6
679
685
691

685
677
684
68
9
681
676
683

686
678
676

683
683
675

678
686
685

676
680
690
6
85
677
684
69
1
684
677
686

690
683
679

688
690
682
682

690
690

681
682
696
693

682
686
6
95
690
682
688
6
95
688
681
69
0
694
686
682

690
692
684

682
691
690

681
683
693

690
681
686
6
94
689
681
6
87
694
687
68
0
689
693
684

682
689
691

683
683
690

691
683
685

694
691
682
6
87
694
689
68
1
687
693
687
6
81
689
692
68
4
681
690
691

684
683
691

690
683
685

693
692
683

688
693
687
6
80
685
688
6
82
676
682
68
5
677
674
681

683
675
674

681
680
671

673
680
678

670
674
681
6
76
669
676
68
2
677
671
678
6
83
675
672
68
0
682
675
674

682
681
671

673
682
678

669
672
673

669
662
668
6
74
669
664
67
1
673
667
66
3
670
672
666

666
675
675

667
670
679

677
670
675

683
679
672
678

684
679
672
6
78
682
674
6
71
679
683
67
9
679
685
684

674
675
683

678
671
675

679
674
668

672
677
672
6
67
673
677
67
1
669
676
67
8
671
672
680

680
673
673

682
679
672

678
684
679
672

677
682
6
76
672
678
680
6
72
670
676
6
78
668
668
67
5
677
670
674

687
684
677

681
686
680

674
684
689

681
671
676
6
80
673
670
67
6
677
665
66
3
670
670
663

665
673
670

665
669
675

671
666
671

673
667
663
667

668
657
654
6
60
659
653
65
3
658
659
65
1
652
659
657

650
653
657

653
649
654

657
652
648

652
654
650
6
48
654
654
64
9
653
666
666

660
664
670

664
658
662

667
661
655
662

664
658
655

661
664
658

657
664
665
6
59
660
670
66
2
655
661
66
9
667
663
669

676
673
670

677
682
677

676
684
687

683
684
691
6
92
688
689
69
6
692
684
688

691
693
687

691
697
693
687

685
685
678

676
681
684

680
679
684

684
678
678
6
83
682
676
67
8
681
678
673

675
678
674

671
674
676

671
669
673

676
671
672

678
678
672
6
74
679
685
68
0
684
689
684

679
683
686

680
676
681

686
680
678
685

687
680
680

689
688
677

675
682
678
6
76
683
690
68
8
682
689
695

689
682
686

689
683
680

689
692
688

687
695
694
6
85
686
694
6
90
683
686
692
6
87
679
685

689
683
677
684

688
681

685
692
693
684

684
693
692

682
683
692

688
679
685
6
92
687
679
68
5
691
683
678

684
687
679

675
682
683

676
675
683

684
676
678
6
88
679
671
6
76
682
678
67
2
679
686
680

677
685
688

682
681
688

688
681
681

688
688
678
680

690
685
677
6
81
686
681
6
74
681
684
67
7
674
679
683

676
674
681

682
673
674

682
681
674

677
685
679
673

678
683
67
9
673
680
68
5
679
676
683

685
679
677

684
685
676
676

684
683
674

675
682
679

673
677
683
6
79
674
680
6
84
678
675
68
1
684
677
675

682
682
674

675
683
681

673
677
684

680
674
678
684

678
671
67
8
679
673
66
4
671
674
668
66
9
676
676
667

665
672

669
662
666
673

670
666
671

677
673
669
6
76
680
676
67
5
682
683
67
8
677
683
684

686
689
698

696
691
696

702
697
691

695
699
695
6
88
693
695
68
5
684
691
69
2
688
689
695
69
4
691
694
704

701
693
698

704
699
693

699
703
698

692
697
699
6
84
679
682
68
3
677
677
68
2
681
676
677

681
680
672

674
679
675

670
675
679

675
671
677
6
81
674
672
67
8
679
674
674

682
681
674

681
689
685
679

683
688
684

678
684
688

682
677
684

687
679
677
6
83
684
677
67
7
685
684
67
3
675
682
680

673
677
683

679
674
680

685
680
676

687
690
682
681

686
687
68
0
679
686
684
67
8
679
686

683
679
683
688

684
679
684

688
683
679

686
687
680

679
686
686
6
80
680
686
68
5
679
681
688

684
678
682

686
682
677

682
684
679

675
680
683
6
77
675
681
6
80
673
673
679
6
78
672
675
68
3
678
672
67
6
682
678
672

678
681
675

672
679
682

675
672
679

678
671
672
6
78
678
669
67
3
681
676
669

674
682
677

671
678
683

676
671
676

680
675
674
6
79
679
667
667

674
674
66
7
670
677
677

668
674
680
676

671
678
683

675
673
679

681
675
675

681
684
677
6
81
690
690
6
83
689
698
69
6
688
692
700

695
690
697

701
694
692

701
705
699

697
704
705
6
96
696
705
7
02
691
695
702
6
96
688
692
69
6
690
683
689

692
685
681

687
687
678

677
683
684

676
677
685
6
81
672
675
6
83
679
673
67
9
685
680
675

682
685
678

674
681
683

675
675
680

680
673
674
6
80
678
671
675
6
81
675
668
6
74
679
674
66
9
675
678
672

671
676
679

673
674
680

681
674
677

682
682
675
6
79
685
680
6
76
680
685
68
1
676
682
683

678
675
681

682
677
676

680
680
673

675
683
679
6
76
678
689
68
4
677
678
68
8
688
685
693
69
3
687
688
698

698
691
691

699
699
690

694
703
697

692
697
705
7
03
697
705
70
9
702
696
70
3
707
699
696

702
703
696

695
704
701

694
696
709

703
698
704
7
15
710
703
71
1
719
710
70
5
715
719
712
71
1
720
721
713

715
725
723

715
719
729

722
712
719

725
720
713
7
22
725
719
71
2
722
722
71
4
712
721
721

713
714
723

720
713
716

727
722
714

719
726
720
713

715
720
711
7
07
715
717
70
9
708
717
71
7
710
711
718

716
707
710

716
712
707

713
719
712

709
714
719
7
14
709
715
71
7
711
709
71
3
712
704
705

711
712
705

707
714
711

705
709
714
710

705
711
715

710
706
712
7
14
714
713
72
0
719
712
71
2
719
717
707

715
723
715

710
716
722

711
704
712

716
710
710
7
17
720
714
71
4
722
723
714

717
725
724

715
719
728
721

714
719

724
719
712
719

723
716
713

719
723
716
7
17
726
731
72
2
725
733
73
3
724
729
736

732
725
731

737
731
725

732
736
727

724
730
731
7
23
723
731
73
1
724
725
735

734
728
732

740
735
731

737
744
740

736
745
749
7
42
740
747
7
48
740
739
745
7
45
737
738
74
6
741
733
735

743
739
731

737
743
736

731
738
741

733
733
741
7
42
734
735
7
41
739
732
73
3
742
738
728

732
738
733

728
736
742
738

734
742
746

738
737
745

746
739
740

746
746
737
7
39
747
744
73
6
741
746
742

735
740
744

739
734
740

743
734
733

741
741
734
7
34
740
740
7
32
734
742
73
7
730
735
740

734
727
733

737
731
726
733

736
729
727

735
736
728

729
736
735
7
27
730
736
7
34
726
730
73
6
732
726
731

737
733
727

734
736
730

728
734
734

729
729
736
7
34
725
729
7
36
732
725
72
9
735
732
725

731
736
732
727

734
736
729

726
731
729

721
721
728

726
717
719
7
27
721
716
7
20
724
720
71
3
719
723
719

715
721
723

717
715
722

723
718
717

724
722
716
7
18
725
723
71
7
721
727
72
2
717
722
727

722
718
725
727

721
721
727

728
723
722

730
729
723

723
730
727
7
19
724
729
7
26
719
724
72
9
723
719
725

727
721
720

726
728
720

720
727
728

720
721
728
7
25
718
722
72
6
722
717
72
3
728
723
719

725
729
723
721

728
730
722

723
731
730

723
725
733

728
720
725
7
30
725
718
72
5
728
721
71
7
724
727
719

716
724
724

714
715
721

721
713
717

724
720
713
7
19
723
719
71
3
720
723
71
8
716
722
726
71
8
718
725
727

719
721
728

728
719
722

730
725
720

725
730
724
7
18
724
727
72
1
718
724
72
7
722
721
726

727
721
723

729
729
722

725
732
730

722
727
733
727

722
728
73
2
725
723
729

732
724
723

729
729
722
723

731
730
723

726
734
730

725
728
734

727
722
729
7
32
726
723
72
9
731
725
72
4
731
730
723

724
732
730

723
725
732

728
721
725

729
717
711
7
16
719
714
71
1
717
720
713
71
3
719
719
71
2
713
720
718

712
715
720

717
713
719

723
718
714

718
721
716
7
14
720
722
71
6
716
723
722

717
716
724

722
717
719

725
722
716

719
724
721
7
17
722
725
721

718
723
72
3
718
719
723
72
4
716
717
72
2
722
716
719

725
722
716

720
724
720

715
721
723

717
715
720
7
21
715
715
72
1
720
714
716

723
721
716

720
725
722

717
722
725

721
717
724
7
25
719
718
723

725
719
719
7
26
725
717
71
9
727
723
716

718
723
718

711
716
721

716
712
717

730
721
721
7
27
727
723
7
24
733
732
72
2
724
731
725

718
722
726

723
717
723

729
723
721

730
733
727
7
24
731
734
7
29
729
736
732
7
22
722
729
72
5
720
725
732

727
722
727

732
726
720

725
727
719

717
723
723
7
16
717
724
7
23
713
715
72
2
718
712
718

726
723
718

725
731
727

724
731
735

730
728
736
7
37
729
730
738
7
37
728
730
7
38
730
723
72
7
733
727
720

726
731
724

720
727
729

722
722
730

730
722
724
7
32
731
723
7
26
734
730
72
2
727
733
728

721
729
733
726

723
728

731
721
721
728

732
723
7
26
735
735
725
7
31
741
734
7
26
728
734
72
7
719
722
727

721
720
727

729
723
721

729
728
721

722
730
728
7
20
725
734
73
0
724
730
73
6
732
726
734

738
732
728

735
737
729

728
734
735

726
727
735
734

726
729
735
7
31
724
728
7
34
728
722
72
9
733
727
724

730
733
726

726
734
733

725
726
734

731
724
728
7
35
731
725
73
0
735
730
72
4
731
735
728
72
5
732
735

726
725
732

732
725
726
733

730
721
727

735
730
723
7
28
733
728
72
4
730
733
72
7
725
733
734

727
726
733

734
729
733

742
740
734

739
746
741
7
32
737
737
73
3
728
737
743

735
733
741

744
738
737

743
742
734
733

740
736
727

732
738
732

726
732
737
7
31
725
732
73
5
727
723
72
8
730
723
724

732
732
723

726
734
732

724
729
735

732
726
731
7
39
735
731
73
9
743
735
735

742
744
737

737
748
746
736

739
748
742

734
738
743

737
730
738

741
735
730
7
36
734
723
72
1
714
714
71
2
714
741
736

754
769
792

793
791
799

800
786
773

779
778
763
7
51
752
759
75
4
753
757
752

740
735
738

733
721
719
722

713
709
714

716
711
704

711
720
713

713
734
743
7
42
745
752
75
3
744
745
751

746
738
739

744
738
731

734
737
733

725
730
734
7
27
723
730
7
32
724
724
73
0
731
721
722

730
730
720

721
728
721
713

719
729
728

722
729
734

727
723
731

735
728
726
7
33
733
724
72
7
734
733
725

728
737
732

726
732
737

732
726
734

738
731
732
7
40
746
736
7
37
744
742
73
1
733
739
737

730
735
743

739
737
741

749
742
735
743

747
742
740

747
749
740
7
37
742
740
7
30
730
738
73
5
724
725
736

729
720
726

733
727
719

727
730
722

719
727
732
7
24
723
730
73
3
725
728
73
8
738
729
733

742
738
732
737

745
739
732

741
748
743

739
747
751

743
743
752
7
53
744
745
7
54
752
743
74
6
755
749
742

748
755
747

739
746
749

741
738
747

750
743
742
7
50
750
742
74
2
751
749
73
9
742
749
743

735
739
745
740

733
741
744

736
733
741

743
734
732

740
740
730
7
30
738
738
7
29
734
742
73
9
731
737
744

739
733
742

747
738
735

745
747
740

739
748
749
7
41
741
750
74
9
739
742
750
7
45
736
742
74
9
743
735
743

748
738
734

743
746
737

737
745
747

738
740
749
7
48
738
743
75
1
746
736
74
2
747
740
734

743
748
741

740
748
751

743
741
747

746
737
739
752

749
739
74
7
758
756
751
7
59
766
760
75
3
761
764
755

749
756
756

747
745
752

749
737
739

748
743
732
7
36
742
735
72
6
733
739
73
6
729
741
748

741
740
751

754
748
747

756
755
749

754
767
764
7
56
761
766
75
8
745
746
749
74
0
735
745
75
0
745
746
757

763
760
760

770
768
757

756
761
753

737
739
742
7
34
725
731
73
1
730
728
740

744
736
735

740
741
738

737
744
740

731
733
741

735
724
727
7
35
731
724
733
7
42
736
732
74
1
747
739
73
8
747
749
740

742
750
749

739
741
751

747
739
744

751
746
738
7
45
750
743
73
8
745
748
739

736
743
742

733
735
743

742
734
737

745
741
733
7
38
743
738
7
32
738
741
735
7
31
739
743
73
7
736
744
745

737
741
748

748
739
742

750
745
738

744
749
744

737
744
748
7
41
737
744
74
6
739
737
745

745
735
737

744
743
734

737
745
740

733
739
745
740

735
737
7
39
737
732
733
7
35
734
733
73
6
735
725
717

730
740
732

732
726
712

735
760
773

777
776
780
7
73
769
738
7
28
760
776
77
3
790
798
815

829
838
835

824
813
808

795
778
767

768
772
770
7
70
770
766
760

760
759
756
7
52
713
666
62
3
685
778
847

848
842
830

807
784
770

765
767
765

762
750
730
7
09
694
679
6
58
641
634
62
9
625
623
628

633
635
642

651
654
656

660
669
667

665
680
681
6
84
698
721
745
7
64
774
795
8
17
828
838
84
6
850
844
823

814
806
799

782
797
844

877
866
834

777
742
719
6
93
654
640
63
8
628
612
60
0
594
588
581

579
583
585

586
591
599
607

611
621

632
639
645
655

665
672
678
6
88
697
694
6
95
699
705
70
5
709
715
718

718
721
721

723
722
721

721
716
712

711
711
707
7
03
703
701
69
5
691
690
68
6
681
679
679

677
673
673

674
673
670
670

672
669
668

670
673
673

672
676
678
6
77
677
680
6
82
681
682
68
6
687
685
686

690
690
687

690
693
693

692
693
695

693
692
695
6
97
695
695
69
8
699
698
69
7
703
706
705

704
706
703

696
697
697
695

693
693
694

692
688
690

692
688
688
6
90
690
688
68
8
690
690
68
6
688
691
690

688
691
692

692
691
693

695
694
694

697
697
696
6
96
698
699
69
7
698
700
701

699
699
702

701
698
699

699
697
696
696

697
697
697

699
696
695

694
696
696
6
94
693
696
69
6
693
691
69
0
689
686
688

689
688
686

687
688
686

685
687
690

692
694
700
7
04
703
709
715
7
14
709
698

695
697
703

705
708
708
707

710
713
713

713
714
710

700
696
696

694
691
693
6
96
725
725
71
8
711
704
698

704
710
711

707
707
710

708
705
705

702
696
696

698
693
694
6
94
703
704
68
8
721
727
727

731
739
765

775
769
778

771
762
750

740
736
715
709

718
716
725

732
738
741
7
38
732
731
72
4
712
714
709

704
693
700

706
716
718

718
721
721

729
733
728
7
21
716
721
7
21
725
727
723
7
18
713
712

708
704
698

696
693
683
681

684
687
685

685
687
688

687
691
697

698
701
706
7
12
712
712
71
7
721
722
722

726
729
727

727
735
739

735
732
735

733
729
730
7
31
726
720
7
18
717
714
70
9
711
712
710

708
711
713
712

712
716
718

716
717
721

722
720
721

725
724
723
7
25
728
726
7
24
726
729
72
7
725
728
730

726
727
728

731
728
728

732
731
730

733
736
735
7
33
735
737
73
5
732
734
73
4
733
731
733

733
730
729
731

731
727
727

730
730
726

726
729
728

723
726
727
7
25
723
725
7
27
725
723
72
5
726
724
723

725
727
723

723
727
725

725
725
729

727
724
726
7
27
726
724
72
5
727
726
72
4
727
729
726
72
5
728
728
724

724
727
726

722
723
726

726
722
724

725
723
722
7
24
726
724
72
3
725
726
72
3
723
725
725

722
722
725

725
722
723

725
724
721

723
726
725
7
23
725
727
724
7
23
726
72
7
724
723
727
72
8
724
724
727

727
724
726

728
727
724

725
727
726

724
726
727
7
25
723
726
72
7
722
722
72
5
726
721
722

725
724
720

721
724
722

718
720
723

720
717
720
722

720
719
72
2
723
719
719
7
24
724
720
72
1
726
725
721

722
726
725

722
725
727

725
722
725

728
725
723
7
27
728
724
72
5
729
729
72
5
725
729
728

724
725
728

726
722
725

727
724
722

725
726
723
722

726
727
720
7
19
723
721
71
7
718
722
72
1
717
719
723

721
718
720

722
720
717

719
721
718

716
719
720
7
17
717
722
72
2
717
718
723

722
718
720

724
723
720

722
724
722

719
721
724
7
21
718
722
723

719
719
722
7
22
717
718
72
2
721
717
72
0
723
722
719

722
726
723

720
723
724

719
717
720

721
717
717
7
22
721
716
71
6
720
718
713

715
719
716

711
715
716

714
711
715

718
714
713
7
18
718
714
713

718
717
712
7
14
718
717
71
2
715
719
716

713
716
718

715
712
715

717
713
713

717
718
713

714
719
718
7
13
714
719
71
7
711
715
718

716
713
716

719
715
713

716
719
716

714
720
721
717

717
723
722

717
718
723
7
21
716
719
72
3
719
715
718

721
718
714

717
719
714

712
717
718

712
713
718
7
17
712
714
7
19
717
712
71
6
719
718
715

719
721
718

714
719
720

716
715
720
720

714
715
720

718
713
715

719
717
712
7
16
719
716
71
3
716
718
715

713
717
717

713
713
717

717
712
712

717
717
712
7
13
717
715
7
12
714
717
71
4
711
713
715

712
710
710

710
709
709
713

713
710

710
715
714
710

712
716
714
7
10
712
713
7
10
708
710
71
3
710
708
711

712
709
708

712
712
707

707
711
710

706
708
713
7
12
709
711
71
5
713
710
71
3
716
713
710

714
715
710

709
714
714
710

711
715
715

711
713
7
18
716
713
715
7
17
715
713
7
16
718
716
71
2
714
715
712

711
715
715

710
711
716

715
709
711

715
712
708
7
09
711
709
70
6
708
711
70
8
706
709
711

707
706
711

712
707
708

713
711
706
709

713
710
707

711
713
711
7
09
712
715
71
2
709
712
71
3
709
708
712

712
708
708

711
710
706

707
711
708

705
707
710
7
08
705
708
71
1
708
707
71
0
710
706
703

711
712
707
708

712
711
707

708
713
711

707
710
712

710
707
709
7
12
709
707
71
0
710
706
70
6
711
712
707

708
712
711

706
709
713

710
708
710

711
709
705
7
09
710
707
70
5
709
710
706

706
710
710

705
705
709
708

703
706
710

708
705
706

709
706
704

706
708
705
7
03
707
708
70
4
705
710
71
0
705
707
711

710
706
708

712
710
707

710
712
711

708
711
712
7
10
708
712
71
3
709
708
713

713
707
709

713
713
708

710
714
713

709
711
714
711

708
712
713

710
708
712
7
13
708
708
71
2
712
708
709

712
711
707

709
714
711

708
710
712

709
707
710
7
12
708
707
7
11
712
708
70
8
713
713
708

709
712
711
70
6
709
712
710

706
709
712

709
707
709

711
708
708

711
713
709
7
08
713
712
70
7
707
711
710

704
707
710

707
704
706

709
707
705

708
710
706
7
05
708
709
7
05
705
710
71
0
705
707
712

711
707
710

713
711
706
707

710
708
705

708
710
705

704
708
709

703
702
705
7
04
699
699
70
4
701
696
697

698
695
692

695
697
694

693
696
698

694
693
698
6
98
694
694
700

698
694
69
5
700
698
693

696
699
696

692
695
697
693

690
693
705

693
694
706

702
691
695
7
06
700
692
6
99
708
700
69
2
702
707
698

695
705
709

699
699
708

708
698
701

711
709
698
7
02
712
705
69
0
694
699
69
7
693
697
699
69
6
694
696
698

695
692
695

696
692
692

696
697
693

694
698
697
6
92
694
698
6
96
692
695
69
8
696
693
696

699
695
692

696
697
693

692
697
697

692
693
697
6
97
692
694
699
6
96
691
695
6
99
696
692
69
5
697
693
691

696
697
693

692
698
697

692
691
695

695
690
692
6
96
693
689
69
3
696
694
69
1
695
698
694

692
696
698

693
693
698

698
693
694

698
697
692
6
94
698
697
69
2
695
699
697
6
93
697
701
69
7
695
698
700

696
696
697

692
685
689

701
708
709

714
723
725
7
25
733
737
73
6
735
738
73
8
735
728
734

735
730
726
729

728
723

722
722
715

706
704
703
700

694
696
697
6
93
690
693
69
6
692
690
69
5
696
692
690

695
693
689

689
696
695

690
692
698

697
692
695
7
00
698
696
70
0
705
701
70
2
716
715
702

706
719
714

702
709
719

712
702
712

720
712
705
716

722
710
707
7
17
719
708
70
7
719
718
70
4
707
721
714

703
710
719

712
702
712

720
712
703

714
720
709
7
05
717
718
70
7
707
718
716

704
707
720

714
704
712

722
715
704

714
722
712
7
04
715
720
708

704
716
719
7
08
709
721
71
9
707
711
72
4
718
706
714

722
716
704

714
722
713

706
717
721

709
705
716
7
18
705
705
71
7
717
703
707

720
714
702
70
9
719
712

702
711
720
711

704
715
7
20
710
707
720

721
708
711
7
23
722
709
71
3
726
720
708

715
725
718

707
717
725

714
707
718

722
711
707
7
18
719
706
7
07
720
719
70
4
708
722
715

705
712
722

715
705
716

724
713
707

717
724
712
709

720
722
709

711
723
723
7
09
713
727
71
9
708
714
725

716
706
716

723
713
705

716
721
710

706
718
718
7
06
708
721
7
20
706
711
72
4
718
707
714

725
717
707

717
725
714

708
718
723
711

708
720
721

708
711
722

722
708
712
7
25
718
708
71
4
724
716
705

715
721
711

705
715
720

708
707
717

718
706
708
7
19
719
706
7
11
723
717
70
6
714
723
715
70
6
716
722
712

706
718

722
711
709
720

721
710
7
12
723
721
709
7
12
725
719
7
08
715
723
71
5
706
716
722

712
707
718

721
711
709

719
720
708

709
722
719
7
07
710
721
71
5
705
712
72
1
714
704
715

720
711
706

716
720
710

708
718
720
708

709
721
720

708
712
723
7
18
708
714
7
23
714
705
71
4
719
710
705

716
720
710

708
718
720

708
709
722

721
710
714
7
26
720
710
71
8
727
719
71
0
720
726
716
71
2
722
726

715
712
723
722

711
712
724

721
708
713

724
717
707
7
14
722
715
70
6
716
721
71
1
706
717
720

710
709
718

720
709
710

722
719
708

713
724
717
7
07
714
722
71
5
706
716
72
1
711
706
715
71
8
708
706
716

717
706
708

720
717
706

712
722
717

709
716
725
7
18
709
719
72
4
715
711
72
0
723
713
712

721
721
711

712
724
720

709
713
722

716
707
713
7
21
714
706
71
5
720
710
707

716
719
710
70
9
718
719
708

709
720
716

706
712
721

715
705
713

721
714
706
7
16
721
712
70
9
718
720
71
1
711
719
719

710
712
722

719
709
713

721
716
708

714
720
714
7
07
716
719
71
0
708
717
718

710
709
717

717
706
709

718
715
706
711

719
713
704

712
719
713

706
716
721
7
13
710
719
72
1
713
712
722

723
711
713

724
721
710

715
723
717

708
715
722
715

708
716
7
21
711
707
71
8
720
710
709
72
0
720
707
71
0
722
718
707

712
722
716

706
714
723

716
708
718

723
714
710
7
21
723
713
71
0
721
720
707

711
723
718

707
713
722

716
705
714

722
713
706
7
15
721
711
7
06
717
720
70
9
708
720
719
70
6
710
722
717

707
714
723

717
707
715

724
715
708

717
722
712
7
08
719
720
7
10
709
721
71
9
707
710
721

717
706
712

721
716
705

714
721
714

705
715
720
7
10
706
716
7
18
708
708
719
7
18
706
709
72
1
717
707
713

724
717
706

715
724
715

708
717
722

711
708
717
7
19
709
708
7
20
718
706
70
8
721
716
705

712
721
714

704
713
721

712
706
716

721
711
707
7
18
720
710
71
0
722
721
709
7
13
724
719
70
8
715
723
717

707
716
723

714
708
716

722
711
708

719
721
710
7
11
723
722
7
10
713
725
71
9
709
716
725

718
708
717

724
716
709

719
723
713

710
720
722
7
11
711
723
722
7
10
712
724
7
18
707
714
72
2
715
706
714

721
713
706

715
720
710

707
716
718

706
708
719
7
19
706
710
72
3
717
707
71
3
723
715
707

716
723
714

708
718
723

712
710
720

721
709
710
7
22
722
709
714
7
25
720
709
7
15
723
716
70
7
717
724
714

708
718
721

711
708
718

719
705
708

718
718
705
7
10
722
715
70
4
711
721
71
5
707
717
724

714
708
718

722
711
709

719
719
707
708

719
717
705

709
720
714
7
04
711
721
71
4
704
714
72
1
711
706
717

720
711
708

719
720
708

709
722
720

709
713
724
7
20
710
718
72
9
723
713
72
3
730
719
714

724
728
717

716
725
726
715

716
729

727
714
720
732

727
717
724
7
35
728
719
73
0
737
726
72
1
731
735
722

720
731
731

717
718
731

727
713
718

730
722
710
7
17
725
716
70
5
716
722
711

706
716
720

708
706
716

717
705
706

718
716
702
7
08
719
714
704

712
722
713
7
03
714
720
70
9
704
715
71
9
708
706
717

718
705
707

719
716
703

708
719
713

701
709
718
7
11
702
712
71
9
709
705
716

719
708
705

715
717
703

705
717
715

703
709
720
7
13
702
710
719

711
701
711
7
18
706
701
71
2
716
704
703

714
714
702

704
717
713

701
707
719

714
703
712
7
21
714
704
7
15
723
713
70
8
720
722
710

709
721
719

705
708
720

715
704
709

719
713
702
710

718
710
701

711
717
707
7
04
715
719
70
9
708
720
719

706
709
722

718
708
714

724
718
708

715
724
716
7
08
717
721
7
11
706
717
71
8
708
704
716
71
3
700
702
714

710
698

705
714
709
699

708
716
7
09
702
711
716
7
07
704
714
7
17
708
706
71
8
717
704
707

720
715
704

709
720
713

703
712
719

712
705
714
7
19
708
705
7
15
718
709
70
8
721
720
708

711
723
717

707
713
720
715

705
713
720

713
706
715

718
710
707
7
16
717
709
7
09
718
717
70
7
709
720
715

706
711
719

713
705
712

718
711
705

713
717
708
7
06
715
717
70
6
704
708
70
9
703
704
709

708
703
705
711

709
702
705

709
705
700

704
707
702

699
704
706
7
01
699
705
7
06
700
699
70
5
705
698
701

707
705
698

703
709
705

701
705
709

705
702
708
7
11
702
702
71
3
712
701
70
4
717
712
702

710
720
714
706

717
725
715

708
718
723

711
707
717

717
706
705
7
17
715
703
70
6
717
710
69
7
703
712
704

693
703
710

701
695
704

709
699
697

708
710
699
7
03
714
714
70
2
706
720
71
5
706
713
723
71
6
707
716

723
713
707
715

718
707
703

712
711
699

698
709
708
6
93
695
706
69
9
690
700
71
2
706
700
712

720
714
710

724
732
726

726
737
739

727
726
734
7
34
722
726
74
0
732
721
726

732
722
709
71
4
716
701
691

697
699
686

682
691
690

677
679
689

689
677
682
6
95
690
681
68
9
699
692
68
5
696
703
695

690
702
708

698
697
707

710
700
704

716
715
703
7
09
720
714
70
5
713
721
714
70
5
714
719
70
9
705
714
717

706
703
713

714
702
704

714
711
699

703
713
706
6
97
703
712
70
4
695
704
710

699
694
702

704
696
696

705
707
697

700
712
711
7
01
706
717
7
12
704
710
71
8
711
701
711
71
6
706
701
71
0
713
703
701

710
710
700

700
712
710

698
702
713

706
696
702
7
10
703
694
70
3
709
699
695

705
709
699

697
708
708

698
699
711

709
697
703
7
13
708
698
706

714
707
69
8
709
715
706

702
712
715

705
704
714
715

703
704
716

713
701
706

716
710
701
7
07
715
707
6
98
708
713
70
3
699
708
711

700
699
708

708
697
697

709
705
694

699
709
704
6
96
703
711
7
03
695
705
71
0
701
697
707
71
1
702
700
710

710
698
699

710
707
695

700
711
705

695
702
711
7
04
695
705
7
12
701
697
70
7
710
701
700

710
710
700

702
712
710

698
702
713

707
697
704
712

705
696
706
7
10
700
695
7
05
708
697
69
6
706
706
695

697
707
705

694
700
709

704
695
703

711
704
696
7
06
711
702
6
99
709
711
70
1
699
710
710

698
700
710

707
696
700

709
703
694

701
709
702
694

694
697
694
6
90
693
696
6
94
691
695
69
6
691
690
694

694
690
689

693
694
689

690
694
694

691
693
695
6
95
691
693
69
6
695
692
69
5
696
693
691

694
695
691

690
694
694

689
689
694
693

689
691
6
94
693
690
692
6
95
693
691
6
94
696
693
69
1
695
696
692

691
694
694

689
689
693

693
689
690

693
691
688
6
90
694
692
68
9
692
693
69
0
689
693
694

691
691
694

694
691
691

695
695
691
692

695
693
690

690
692
691
6
88
691
693
69
0
688
692
69
2
689
689
692

693
688
689

692
691
687

689
692
691

688
690
692
6
92
689
692
69
4
691
690
69
2
693
688
688

691
692
688

689
692
692

688
690
693
693

690
692
696

694
691
693
6
95
692
690
69
4
695
691
68
9
693
692
687

687
691
690

688
692
698

698
696
700

704
703
700
7
04
705
701
69
9
702
702
697

697
701
700

695
696
699

697
694
695

698
696
693
695

697
694
690

693
694
692
6
92
698
700
69
8
697
698
68
6
658
666
674

702
715
722

739
732
738

761
765
775

779
794
799
7
91
772
764
76
0
756
755
756

754
747
744

743
738
731

728
726
722

714
712
711
706

701
700
699

693
691
693
6
92
688
687
68
9
689
685
686

689
687
684

691
693
684

678
691
708

715
715
717
7
17
710
704
7
04
698
689
68
5
686
688
688

691
692
690

684
684
686

683
680
683
684

682
681
685

687
685
686

691
692
688
6
90
695
697
69
3
696
700
701

699
700
703

702
699
699

698
691
692

700
698
695
6
94
700
699
6
98
700
704
70
4
701
702
703

700
693
695
700

698
693
691

691
689
689

693
697
695

696
701
702
7
00
700
705
7
06
701
701
70
1
695
693
703

709
708
706

708
707
707

713
716
725

722
716
710
7
00
687
686
6
84
683
677
67
6
688
690
682

688
696
693
695

699
704
705

699
693
697

702
700
715

727
727
724
7
24
720
714
7
14
714
710
70
2
700
701
698

693
694
695

691
688
690

690
683
681

684
683
678
6
77
681
680
67
6
678
682
68
1
679
680
684
68
6
686
690

693
691
688

692
692
687
685

687
686
682

682
687
687
6
84
686
691
6
90
688
691
69
5
694
692
696

698
696
694

699
701
697

697
701
702

697
698
702
7
02
697
699
70
2
700
696
69
7
700
697
693
69
5
698
695
693

696
698
694

692
697
697

693
693
698

698
693
694
6
98
696
693
69
5
698
696
69
2
695
698
694

692
694
694

686
674
681

689
693
703

717
720
723
7
28
728
724
71
6
714
713
706
6
98
696
692
68
5
681
683
683

678
682
689

684
677
683

690
685
681

690
695
688
6
88
697
700
69
5
695
704
70
5
697
699
708

706
698
702

709
705
697

704
709
704

698
706
710
7
03
700
708
70
9
703
702
711
71
0
701
704
71
0
709
700
704

711
707
700

706
712
706

700
707
711

704
701
709
7
11
704
703
71
2
712
703
70
4
713
710
701

705
712
707

700
705
711

705
699
707

712
704
702
7
10
713
705
705
7
13
712
702
70
5
714
710

702
707
714
710

702
708
713

708
701
709

714
705
702

709
710
703
7
03
712
711
70
4
708
717
715

707
712
719

716
710
715

721
716
710

717
721
712
7
10
716
718
7
11
710
718
71
7
708
710
718
71
5
707
710
71
5
711
703
710

716
711
705

712
716
709

706
713
715

707
706
714
7
13
703
706
71
3
710
703
706

713
709
702

708
714
709

703
710
714

708
705
712
7
14
708
707
7
16
714
706
708
7
17
713
706
71
0
717
712
705

711
717
712

706
713
716

709
706
713

715
708
707
7
16
714
705
7
07
717
713
70
5
710
717
712

705
710
714

709
702
709

712
705
703

709
711
705
704

711
711
7
04
705
713
70
9
702
705
711
70
7
702
707
713

708
702
709

712
707
704

710
713
707

704
712
712
7
04
706
716
7
12
705
708
71
4
711
704
708

713
708
703

710
714
709

707
713
715

709
708
716
7
17
710
712
72
2
719
712
716
7
23
719
712
71
7
723
717
711

717
720
714

710
717
718

711
709
716

715
706
708
7
15
711
703
7
07
712
709
70
2
707
712
706

700
706
708

703
701
707

709
704
703

710
710
704
7
05
713
710
704
7
07
713
710
7
04
709
714
70
9
706
711
713

709
707
713

714
709
708

714
713
707

708
715
711
7
05
708
713
71
0
705
710
71
4
710
706
712

715
710
707

713
714
709
708

715
714

707
707
715
712

705
708
713
7
10
702
708
7
13
709
704
71
0
712
707
705

710
712
707

706
713
712

705
705
713

710
703
706
7
13
709
702
70
8
713
708
70
3
709
712
706

703
710
711

705
706
714

714
707
708

717
713
706
710

715
711
705
7
10
715
710
70
5
712
715
70
9
707
714
715

709
708
715

714
707
708

716
714
708

714
723
722
7
18
726
734
73
1
728
734
73
7
731
728
733

732
724
720

725
722
711

710
715
710
700

702
707
702

694
699
703
6
98
693
700
70
4
698
695
70
2
703
697
696

704
704
698

700
709
707

702
707
714

711
705
711
7
18
712
707
71
3
717
711
708

713
714
708

707
713
713

706
707
714

710
703
707
712

709
701
707

712
707
702
7
08
712
706
70
4
709
710
70
4
703
709
710

702
703
711

708
701
704

709
706
699

705
710
705
7
02
707
710
70
4
702
708
708

703
701
708

707
700
702
711

710
706
711

717
714
708

713
718
714

709
714
716
7
10
706
711
71
2
705
704
710

710
702
703

709
707
701

705
711
707

700
705
710
7
06
701
706
7
09
703
701
70
6
708
702
700
70
7
709
700

704
713
713

707
711
717
715

710
715
720

715
711
715

717
710
704
7
09
707
699
69
8
703
703
695

696
703
700

693
697
703

701
694
700

705
701
698
7
04
708
704
7
02
708
710
70
4
705
712
713
70
7
709
715
713

708
711
718

715
709
714

719
715
711

715
718
713
7
10
715
715
7
08
707
714
71
4
706
707
715

712
706
709

714
711
704

709
713
709

705
709
712
7
06
704
710
7
11
705
705
71
1
711
704
705
71
3
710
704
707

714
710
704

709
714
710

707
711
715

710
707
713
7
15
708
707
7
14
714
706
70
6
714
711
703

706
712
709

701
707
712

706
702
707

711
705
703
7
10
712
703
70
4
711
712
70
2
704
713
709

700
705
711
707

699
705
711

704
700
706

710
703
702

708
710
702
7
03
711
712
7
03
705
714
71
0
703
706
713

709
702
709

714
708
703

710
713
707

704
713
714
7
05
708
716
71
6
707
709
71
8
711
704
709

716
711
703

709
715
709
704

710
713
707

703
711
712

703
704
714
7
13
703
706
71
6
711
703
70
7
714
709
701

707
713
707

702
710
714

707
705
713

714
706
707
7
15
715
705
70
8
717
712
70
4
709
716
712
70
4
711
717
709

704
711
714

706
704
712

713
703
704

711
711
700
7
03
711
706
69
9
704
711
70
7
700
707
712

706
701
707

710
704
702

709
710
703

704
709
709
7
02
705
712
70
9
703
706
712

708
702
708
71
2
707
704
710

713
707
705

711
713
706

707
714
715

706
709
718
7
15
707
711
71
8
713
705
71
2
717
710
706

712
715
708

706
713
714

705
707
715

716
706
709
7
19
713
705
70
9
715
710
702
70
9
714
707
70
3
710
713
705

703
710
711

702
703
712

710
701
705

714
709
703
7
07
714
709
70
2
709
714
707

704
711
714

706
704
712

713
704
705

713
713
704
7
07
716
712
7
05
709
716
711
7
04
711
715
70
8
705
712
71
4
707
705
711

712
703
705

711
711
703

705
714
710

703
707
713
7
09
702
709
71
3
706
704
711

712
707
705

710
711
705

705
712
710

703
706
713
7
10
703
707
714

709
703
709
7
14
707
704
71
0
713
707
705

712
713
705

706
713
713

705
708
715

710
704
709
7
14
710
704
7
10
713
707
70
4
710
712
705

705
711
711

705
708
715

713
706
709

715
711
705
7
09
714
710
704

709
713
706
7
03
709
712
70
5
705
711
711

704
705
712

710
703
706

713
709
704

708
713
708
7
02
709
712
7
06
703
709
71
1
705
705
711

712
705
707

714
713
705

708
715
711
705

709
713
709

703
710
714

708
706
711
7
13
707
706
71
1
711
705
705

712
710
702

705
711
707

701
705
711

707
703
710
7
13
708
706
7
12
714
708
70
7
713
714
707

708
715
714

708
710
715

712
707
710

715
710
705
710

713
708
706
7
10
711
706
7
06
710
711
70
5
707
712
711

705
708
714

710
706
710

714
710
705

710
712
707
7
06
711
712
70
7
707
711
71
2
707
708
714

713
708
710

716
714
708

712
717
713
707

713
714
710

706
711
712
7
07
705
712
7
14
708
709
71
5
714
710
716

727
728
723

729
735
732

727
732
735

732
731
736
7
38
734
734
73
9
738
730
72
9
734
730
721

722
726
720

713
715
719

714
706
712
714

708
701
707

710
705
703
7
08
708
702
70
2
710
707
69
9
701
706
702

694
698
703

700
696
703

708
703
702

709
712
707
7
08
715
716
71
0
710
718
715
7
09
711
718

713
708
711

717
712
706

712
714
709
705

710
713
707

705
711
713
7
06
706
712
71
0
702
705
71
1
709
705
710

717
715
710

717
722
718

715
721
724

718
717
722
7
23
716
716
72
2
720
711
714

720
716
708

711
715
711

706
713
716

708
705
710
712

706
705
710

710
704
704
7
12
711
703
70
7
714
710
70
4
709
714
709

703
709
712

705
702
707

709
704
704

710
712
706
7
07
713
712
70
6
708
715
712

706
710
716

711
706
711

714
710
711
719

724
720
719

725
727
720

721
728
726
7
19
721
727
72
2
715
718
721

717
709
713

715
708
704

709
711
704

703
707
707
7
01
701
708
7
08
700
704
71
0
706
700
705
71
0
707
701
70
7
711
706
703

709
711
706

705
711
711

704
704
710

708
700
702
7
09
705
698
70
3
708
703
698

703
707
701

698
705
707

702
701
707

708
702
703
7
10
709
703
707

713
711
70
5
709
715
709
70
4
709
712
706

704
710
711

705
703
708

708
702
704

712
711
706
7
10
715
711
7
03
707
710
70
5
699
703
705

699
696
702

705
700
698

704
706
700

701
707
707
7
00
704
710
7
06
700
706
71
0
707
702
709
71
2
706
704
710

712
706
705

710
710
704

704
711
710

703
705
711
7
08
701
705
7
11
706
701
70
6
709
702
700

706
708
701

700
707
706

699
701
708

707
701
705
7
11
708
702
70
7
711
706
70
0
707
710
704
70
1
707
709
703

702
709
708

701
703
709

707
701
705

711
708
701
7
06
711
707
7
02
707
710
70
4
702
707
709

704
704
709

709
702
703

710
708
701

704
710
706
7
00
705
709
70
5
700
706
709
7
04
702
707
70
9
704
704
710

710
701
703

711
709
701

704
709
706

700
706
712
7
09
705
712
71
6
710
708
71
4
716
711
709

715
714
706

707
713
709

703
704
709
706

699
703
7
08
703
697
70
3
706
701
69
9
705
708
703
70
2
710
710
704

706
714
713

706
708
714

711
704
710

718
714
710
7
13
711
705
70
4
710
712
70
6
704
708
705

698
704
715

716
713
719

728
726
720

725
730
725
7
19
724
726
719
7
15
719
720
71
4
710
716
71
2
704
704
709

705
697
698

701
697
689

694
699
694

689
696
699
6
95
694
701
70
4
699
699
70
7
708
702
703

712
710
704

707
713
710

704
709
714

710
705
710
714

708
706
710
7
11
706
705
71
1
710
702
70
4
712
709
704

707
713
709

703
708
712

708
703
709

712
707
705
7
11
712
707
70
5
711
710
704

705
712
709

703
707
713

710
703
709

714
710
705
711

713
708
706

711
713
707
7
06
713
711
70
4
706
713
70
9
703
706
711

707
702
706

711
707
703

709
711
706

703
709
709
7
04
704
711
70
9
701
701
708

703
695
698

703
700
693

699
704
701
697

703
707
702

700
706
7
08
704
704
710
7
10
704
706
71
3
711
705
709

715
712
705

709
714
709

703
709
711

705
702
708
7
09
704
704
7
12
712
706
70
7
715
712
705

709
715
712

705
710
715

710
705
711
713

707
704
7
11
712
707
706

713
712
704
7
07
715
710
70
3
708
714
712

704
709
713

708
703
708

710
704
701

707
708
703
7
03
710
709
7
02
703
711
70
7
702
705
711

708
701
707

713
708
703
709

712
706

704
709
711
705

704
712
711

703
706
714
7
10
702
706
71
3
710
703
708

713
708
702

708
712
705

703
709
711

704
704
713
7
12
703
705
7
14
709
701
70
5
712
707
699

706
712
705

699
707
710

702
700
709

710
704
704
714

713
704
706
7
16
711
703
7
08
714
710
70
2
709
716
709

703
711
714

706
703
710

711
704
703

712
712
702
7
04
714
710
70
1
707
714
708
7
01
709
715

709
704
711

715
708
704
712

713
708
707

716
715
706

709
719
714
7
05
710
718
7
13
704
711
71
6
710
704
712

715
707
705

713
715
708

706
716
715

707
710
719
7
15
706
711
71
8
713
704
711
7
16
709
703

710
713
704

701
709
711
703

703
712
711

701
704
714

709
700
705
7
12
707
699
70
7
712
705
69
9
708
712
703

700
708
709

701
702
712

710
700
703

712
708
700
7
05
713
709
70
1
709
716
709
7
04
712
716

707
705
713

715
707
706
716

714
704

707
717
711
703

708
715
709
7
01
709
714
70
8
702
709
71
1
705
701
708

709
703
702

710
709
702

704
712
709

702
706
713
7
09
702
708
71
3
709
703
709
71
2
706
703

709
710
704
703

711
711

70