48

561
560
560
559
559
558
557
557
556
554
553558
559
559
560
561
562
563
563
563
563
564
563
563
562
562
561
560
560
559
559
558
557
557
556
554
553
8
559
559
560
561
562
563
563
563
563
564
563
563
562
562
561
560
560
559
559
558
557
557
556
554
553
5
48
543
538
53
3
529
526
524
52
3
522
522

521
521
522
522

523
524

524
526
530
535

539
543
548

552
556
558
5
61
564
567
57
0
572
574
574

575
575
576

575
575
574

573
573
573

573
570
569
5
67
565
563
5
62
561
559
55
8
556
555
552
55
1
549
548

546
546
546
545

545
544
544

545
545
546

546
546
547
5
49
549
550
5
51
552
552
55
3
554
555
555

556
556
556

557
558
558

558
558
558

558
558
557
5
56
556
556
5
56
556
555
55
4
554
554
554

553
554
553
552

553
552

552
551
553
553

553
552
551

551
551
551
5
51
551
551
5
52
552
553
55
3
553
553
553

553
554
554

554
555
555

554
554
555

555
556
556
5
55
555
555
55
5
556
556
55
7
558
558
558

558
559
559
559

559
560
560

560
560
559

559
558
559

558
559
559
5
59
559
559
5
58
558
557
55
6
556
555
554

553
552
551

550
550
550

550
550
550

550
550
550
550

550
550
550
5
50
549
548
5
48
548
547
54
7
547
548
548

549
549
549

550
551
551

552
551
552

552
552
552
5
52
552
552
55
1
551
550
54
9
549
549
549

549
550
550

551
553
554

554
554
555

554
555
555
5
54
554
554
554
5
54
554
55
4
554
554
553
55
3
552
553
553

552
553
553

553
553
553

553
554
555

555
555
555
5
55
555
557
56
1
565
568
57
1
574
576
577

577
578
577

575
575
574
572

569
566

564
561
559
5
56
554
552
55
0
548
547
545
54
4
545
545
54
5
546
546
546

547
548
546

546
546
545

545
544
544

545
545
547
5
48
549
549
55
0
551
552
55
2
553
554
553

553
553
553

553
552
552
551

550
550
548

548
548
548

548
549
549
5
49
549
549
54
8
548
548
54
8
548
548
548

548
548
548

548
548
546

546
546
545

545
545
545
5
46
546
546
54
7
547
548
548

549
549
549

548
548
547
547

547
547
545

545
545
545

545
545
545

545
546
546
5
47
547
547
54
8
548
548
54
8
550
551
551

551
552
552

553
553
554

554
554
554

555
554
554
5
54
553
553
55
3
553
552
551

551
551
550

551
551
552

551
551
551
552

552
551
551

550
551
552

552
552
553
5
53
553
553
55
2
552
552
552

552
551
551

550
551
551

551
551
551

551
551
552
5
51
551
550
5
49
549
549
54
9
550
549
549

549
550
550

550
551
552
552

551
551
552

552
553
5
54
553
553
554

554
554
554
5
55
555
555
55
6
556
556
555

556
556
555

554
555
554

553
553
553

554
552
552
5
51
550
549
5
50
550
550
55
0
551
552
551

550
550
550

550
550
551

552
551
552
552

552
553
553

553
553
553

554
553
553
5
54
555
556
55
6
557
557
557

557
558
557

557
556
555

555
554
553

552
551
550
5
50
549
549
5
48
548
547
54
7
547
547
546
54
6
546
546

547
548
548

549
550
550
551

553
553
553

552
552
552
5
52
552
551
5
51
550
550
55
0
549
549
549

549
550
550

549
550
549

549
549
549

549
550
550
5
50
550
550
55
0
549
549
54
9
549
549
549

549
549
549
549

549
548
548

548
549
550

549
549
549

549
549
549
5
49
549
549
5
50
550
550
55
1
551
551
551

552
553
553

553
554
554

555
555
555

556
555
555
5
56
556
557
55
7
558
558
55
8
558
557
557

556
556
556

554
554
553
552

551
551
551

550
550
551

551
551
550
5
51
551
550
55
0
550
549
54
9
549
549
549

549
549
548

547
547
546

546
545
545

546
546
546
5
47
548
549
550
5
51
551
55
1
552
552
552
55
2
552
552
552

552
553
553

554
554
554

555
555
556

556
556
556
5
56
556
555
55
4
554
553
55
3
553
552
552

552
552
551

550
550
549

549
548
548

549
548
548
548

548
548
548
5
48
548
547
5
47
548
548

549
549
549
549

549
549
549

549
548
549

549
550
550

551
552
553
5
54
554
554
55
4
555
556
55
6
557
557
557

557
557
556

555
555
554

553
553
552

551
550
549
5
49
548
547
546
5
46
546
546

545
545
545

544
545
543
544

544
544
544

544
545
545

545
545
546

546
547
547
5
48
548
549
54
9
550
551
550

551
551
552

551
551
551

551
550
550

550
550
550

549
549
548
5
48
547
546
546
5
46
546
546

546
546
545

546
546
546
546

546
547
547

546
547
546

546
545
545

545
544
544
5
44
544
544
54
4
544
544
544

544
544
544

544
544
544

544
544
544

543
543
543
5
43
543
542
5
43
543
544
544
5
45
546
546

547
548
548
54
8
549
549
549

549
549
548

548
548
547

547
548
547

547
548
547
5
47
547
547
54
7
546
546
546

546
546
545

545
545
544

543
543
543
543

543
543
5
43
543
543
5
44
544
545
54
5
545
546
545
54
5
545
545
545

546
546
547

547
548
548

548
548
547

547
548
547
5
46
546
547
5
47
547
547
54
6
547
547
547

547
547
547

547
546
546

546
546
546

546
546
546
5
47
546
546
54
7
547
547
548
5
49
549
549
54
9
549
549
550

550
550
550

550
550
550

549
549
549

549
548
548
5
48
548
548
5
48
548
548
54
8
549
549
550

550
551
552

553
553
553

552
553
554

553
553
553
5
53
552
552
552
5
52
552
552
5
52
552
550
55
0
549
549
548

548
547
546

545
544
543

542
542
542

542
542
542
5
42
543
542
5
43
543
543
54
4
544
544
544

545
545
545

546
546
546

546
546
546

546
546
546
5
47
546
547
54
7
547
547
547
5
47
546
547
54
6
546
546
545

546
546
547

548
549
550

550
551
552

552
552
552
5
51
551
550
55
0
549
548
54
8
547
546
546

546
545
545

544
543
541

541
541
541

541
541
541
5
42
542
542
54
2
542
542
542
5
42
542
542
54
2
543
543
544

544
546
548

549
550
551

553
553
554

554
554
553
5
53
554
554
55
4
553
552
55
1
551
550
549

548
548
548

548
547
547

547
547
547
546

545
544
5
44
544
543
54
3
542
542
541
54
2
542
541
54
1
542
541
541

541
542
542

542
543
544

545
545
545

546
546
546
5
46
546
546
54
6
547
546
546

546
546
545

545
545
544

544
543
543

544
545
545

544
543
542
5
43
542
542
54
2
543
543
543
54
3
544
544
54
4
544
544
543

543
543
543

543
544
544

544
544
544

544
544
543
5
44
544
544
54
4
544
544
545

545
545
545

545
546
546

546
547
548

548
549
550
5
50
550
551
551

551
551
551
5
50
550
550
54
9
549
548
54
8
548
547
546

545
545
544

544
543
543

542
541
540

540
540
538
5
39
539
539
53
9
539
539
539

540
540
541

541
543
543

543
543
543

543
544
544
5
45
545
545
5
46
546
546
546
5
47
547
546
54
6
546
546
546

545
545
543

543
544
543

542
542
541

541
541
541
5
40
541
541
5
41
541
542
54
2
543
543
543

544
544
544

544
544
544
544

545
545

545
545
546
5
46
546
545
54
6
546
545
545
5
46
545
545
54
5
544
544
544

545
544
544

545
546
547

547
548
549

548
549
550
5
50
551
551
5
52
552
552
55
2
552
553
552

552
552
551

551
550
550

549
548
548

547
546
544
544

544
543
543
5
43
543
542
5
42
542
542
54
1
542
541
542

542
543
543

543
544
545

545
546
545

546
546
545
5
45
545
545
5
45
544
544
54
4
544
544
544

544
545
544

543
543
543
542

542
542
542

542
542
542

541
542
543
5
43
543
543
5
43
543
543
54
2
542
542
542

542
542
542

542
543
542

543
543
543

543
543
544
5
44
543
543
54
4
543
543
54
2
541
541
541

541
541
542
542

543
544
543

544
544
545

546
546
548

548
549
550
5
50
550
550
5
50
549
548
54
8
549
548
548

547
547
547

546
546
545

544
544
544

543
543
542
5
42
541
540
53
9
539
538
53
8
538
537
537

537
537
537

537
538
538

538
539
540
540

540
540
540

540
540
541
5
40
540
540
54
1
541
541
54
1
541
542
542

542
543
544

543
544
544

543
543
543

543
543
543
5
44
544
543
54
4
544
543
54
3
543
542
542

542
542
541

541
541
541
542

542
543
543

544
543
544

544
543
543
5
43
543
543
54
3
543
543
54
2
542
542
543

543
543
544

544
545
546

546
548
549

550
551
552
5
53
553
554
55
4
555
555
555

555
554
553
55
3
552
550
550

549
550
548

548
548
547

547
547
546

546
545
544
5
44
542
541
54
1
541
540
54
0
540
539
539

539
539
539

539
538
538

538
537
538

538
538
538
5
39
539
539
53
9
540
540
540

540
540
540
54
1
541
541
540

539
538
539

539
539
540

540
540
541

542
543
544
5
46
546
546
54
6
547
546
546

545
545
544

545
545
544

544
544
544

544
544
544
5
44
543
542
5
42
543
542
54
1
541
540
540
54
0
539
539
53
8
538
537
536

536
536
536

536
535
535

536
536
537

537
537
538
5
40
541
542
54
3
544
544
545

546
547
547

548
548
548

548
548
548

548
548
548
5
48
548
547
5
46
546
545
54
4
543
543
542
54
2
541
541
540

540
539
538

538
538
538

538
538
538

539
540
540
5
41
540
541
5
42
542
543
54
4
544
543
543

543
543
543

543
543
542

542
542
543

543
543
544
5
44
544
544
5
44
544
544
544
5
44
544
543
54
3
543
543
542

542
542
542

541
541
540

540
540
539

538
538
537
5
36
536
535
5
36
536
536
53
6
537
537
536

538
538
539

540
541
541

541
541
542

542
542
542
5
43
543
544
544

544
544
54
4
545
545
544
54
4
544
544
544

545
544
544

544
543
543

543
543
543

543
543
542
5
42
542
541
5
42
543
545
54
5
545
545
544

545
545
545

545
545
543

543
542
542

542
542
542
5
42
541
541
541
5
42
542
542
5
43
543
543
54
2
543
544
543

544
544
544

544
543
543

543
543
543

543
542
542
5
42
542
542
54
3
543
543
54
4
544
544
544

545
545
544

544
545
544

545
545
545

545
545
545
5
45
545
545
544
5
44
543
543
5
43
542
541
54
1
541
540
540

540
540
541

540
541
541

540
540
540

540
540
540
5
39
540
540
54
1
542
543
54
3
545
545
546

546
547
547

547
546
547

546
545
545

544
543
543
542

541
541
540
5
39
539
538
53
8
536
536
53
5
535
534
533

533
534
534

534
534
534

534
534
535

535
535
536
5
36
537
537
53
8
538
539
53
9
540
541
541

541
541
541

541
541
541

541
540
542

542
541
541
541

541
541
541
5
41
542
542
54
2
541
541
54
1
541
541
541

540
541
540

539
539
539

538
538
538

539
539
539
5
40
540
539
54
0
539
539
539

539
539
540

540
540
541

542
543
544

544
544
544
545

545
545
546

546
545
546
5
46
547
547
54
7
548
548
54
8
549
550
551

551
553
554

554
555
555

555
554
555

554
553
553
5
53
552
551
55
0
550
549
548

547
547
546

545
544
543

543
542
541

540
540
540
539

538
537
537

537
537
537
5
37
537
536
53
7
536
537
537

537
537
537

537
538
538

539
539
540

540
540
541
5
41
541
540
5
41
541
541
54
1
541
541
541

542
542
542

542
542
541

541
540
540
540

540
540
539

539
539
539

540
539
539
5
40
540
540
54
0
540
540
540

540
540
540

539
539
539

539
539
539

540
539
539
5
38
538
537
5
37
537
537
53
7
538
538
538

539
540
540

541
542
542

543
543
543
544

544
544
545

546
545
545

545
545
545
5
46
545
544
54
4
544
542
541

541
539
539

538
538
537

536
535
535

535
535
535
5
35
535
535
5
35
534
534
53
3
533
533
533

533
534
534

535
536
537
538

538
539
538

539
540
540

541
541
542
5
42
541
541
5
41
541
541
54
0
541
541
541

541
541
542

541
542
542

542
541
542

542
541
541
5
40
540
540
54
0
539
539
53
8
538
538
537

536
536
535
535

534
535

536
537
537
537

537
538
539

540
540
542
5
42
543
543
5
44
544
545
54
5
546
546
546

547
547
548

548
549
549

549
549
549

550
550
549
5
49
549
549
54
8
548
547
54
5
545
544
543
54
2
541
540
540

540
540
539

540
539
538

538
538
538

538
537
536
5
37
536
536
5
36
536
535
53
5
536
536
537

538
538
538

539
540
540

540
541
541

542
543
543
5
44
544
543
54
3
542
542
541
5
41
541
540
53
9
539
539
538

538
538
538

537
537
537

536
536
537

537
538
538
5
38
538
539
54
0
540
540
54
0
540
540
540

540
541
541

541
542
541

541
540
539

538
538
538
5
38
539
540
540
5
39
538
537

537
538
539

539
539
539
540

540
540
540

541
543
543

542
542
543

544
543
543
5
43
543
544
54
4
544
544
54
4
544
544
543

543
544
543

542
543
543

542
542
542

542
542
541
5
41
541
541
54
1
541
540
539
53
9
539
539
53
9
539
539
540

539
539
539

539
540
540

540
540
540

540
540
541
5
41
541
541
54
1
541
540
540

540
541
540

540
540
540

539
540
539

539
538
538

538
538
538
5
39
538
538
538
5
38
537
537
53
7
538
538
53
9
539
539
540

540
541
540

540
540
540

540
541
540

540
540
541
5
41
540
540
54
1
540
541
541

541
540
540

539
539
539

538
538
538

538
538
538
5
38
538
538
5
39
539
540
540
5
40
541
541
54
1
541
541
54
1
541
541
541

540
540
539

539
539
540

540
538
538

538
538
538
5
39
539
539
53
9
539
539
540

541
541
541

540
541
540

540
540
540

540
540
541
5
41
540
540
541

540
540
540
5
40
540
540
53
9
540
541
541

541
541
542

542
543
542

541
541
541

540
540
540
5
40
540
539
5
39
538
538
53
8
538
538
538

538
538
538

538
539
540

540
541
542

542
542
542
5
43
543
543
544

544
544
545
5
45
546
546
54
6
547
546
545

545
545
544

543
543
542

541
539
540

540
540
540
5
40
540
541
5
42
543
543
54
4
544
545
545

546
546
546

546
546
546

545
545
545

545
544
543
5
43
543
542
542
5
41
541
542
5
41
541
541
54
1
541
540
540

540
540
540

540
540
540

540
539
539

539
539
539
5
39
539
539
5
40
540
540
54
0
540
540
540

539
539
539

538
539
538

538
538
538

538
537
537
5
37
537
537
537
5
37
537
536
5
37
536
536
53
6
536
536
536

536
536
536

536
536
536

536
536
537

537
538
538
5
38
537
536
53
6
536
536
53
6
536
535
534

534
534
534

534
534
533

533
533
532

533
533
533
5
33
534
534
535
5
36
536
537
5
38
540
540
54
1
542
541
542

542
542
542

542
543
543

544
545
546

546
547
547
5
47
548
548
54
8
548
549
54
9
549
549
549

549
549
548
547

546
544

543
542
542

541
541
540
541

540
540
541
5
42
543
543
54
4
544
544
54
5
546
545
546

546
546
547

547
546
546

546
546
546

546
547
546
5
47
547
546
54
7
548
548
548

548
548
549

548
548
548

548
549
549

549
550
549
549

549
548
548

548
547
547
5
46
545
545
54
5
545
544
54
4
544
543
543

543
542
542

541
541
541

541
541
540

540
539
540
5
40
541
540
54
1
542
543
543

544
546
547

548
549
550
551

552
553
553

553
554
554

554
554
554

554
553
553
5
53
552
552
55
1
551
550
55
0
550
549
548

548
547
547

546
546
545

544
543
543

542
541
540
5
40
538
538
53
7
537
537
537

537
536
536
53
6
538
538
538

538
538
538

539
541
541

541
542
543

543
544
545
5
46
547
547
54
8
549
549
549

550
551
551

551
552
551

550
550
550

549
549
550
5
49
548
547
5
47
547
547
54
6
546
546
546

546
546
547
54
7
546
546
545

545
545
544

544
544
544

543
543
543

542
542
542
5
42
542
542
54
1
542
542
542

543
544
544

544
545
546

546
547
548

547
548
548
5
49
549
549
5
49
548
548
54
7
547
546
545

543
542
540

538
536
535
533

531
530
529

528
527
527

527
527
529
5
28
529
529
5
30
531
533
53
3
535
536
536

538
539
539

540
540
541

541
540
540

540
540
540
5
40
540
539
5
39
537
536
53
7
536
534
534

532
532
531
530

530
528
527

526
525
524

524
523
522

522
521
521
5
21
521
520
5
21
520
520
52
1
522
523
523

525
526
528

530
532
534

537
541
545

548
551
553
5
55
558
559
56
0
560
560
56
0
560
558
557
55
5
554
553
551

549
548
546

544
543
541

539
536
535

533
531
529
5
28
527
527
5
27
527
527
52
9
530
531
532

534
536
538

539
542
545

546
547
549

551
551
552
5
52
553
552
55
3
554
553
553
5
53
552
551
55
0
550
550
549

548
547
545

544
543
542

541
540
540

538
537
536
5
35
535
535
53
5
534
534
53
4
534
534
534

534
535
536

536
537
538

538
539
539

540
541
542
5
44
545
547
54
9
551
552
55
4
556
558
561
56
2
565
568
570

573
575
576

577
578
579

579
578
578

577
575
574
5
73
572
571
57
0
569
569
57
0
572
577
586

601
622
647

679
717
765

821
881
913

914
914
914
9
13
913
913
91
3
913
913
913

837
762
682

596
506
410
314

218
125
38

0
0
0
0
0

0
0
0
0
0
0

0
0
0
0
0

0
0
0
0
0

0
0
0
0
0

0
0
0
0
0
0

0
0
0
0
0

0
0
0
0
0

0
0
0
0
0

0
0
0
0
0
0

0
0
0
0
0
0

0
0
0
0
0
0

0
0
0
0
0

0
0
0
0
0

0
0
0
0
0

0
0
0
0
0
0

0
0
0
0
0

0
0
0
0
0

0
0
0
0
0

0
0
0
0
0
0

0
33
71
10
8
154
196
235

272
307
339

368
394
417

437
454
468

479
487
494
497

500
500
500
4
97
494
490
4
86
481
476
47
1
466
462
458

453
449
445

441
437
434

432
429
427

425
425
425
4
25
426
427
42
9
431
433
43
5
437
439
441

443
444
446

447
449
450

452
453
454
455

457
457
459

458
457
458
4
58
459
459
45
9
460
461
46
2
464
466
467

469
471
471

473
474
475

478
479
481

481
482
482
4
83
484
485
48
5
486
487
48
7
488
488
490

491
493
494
494

495
496
495

496
497
496

496
496
496

496
495
495
4
94
493
492
49
1
491
490
48
9
488
487
485

485
483
482

482
480
480

479
479
479

478
478
477
4
76
474
472
46
9
465
461
457

452
448
445

442
440
438

436
436
436
435

436
436
436

436
437
438

439
440
442
4
44
446
447
44
9
451
453
45
4
456
459
460

462
465
467

469
471
473

475
477
479

481
482
483
4
85
486
486
48
6
487
488
490

494
494
494

493
490
487

482
477
473
468

464
462
458

456
454
454

455
454
455
4
57
459
462
46
4
468
472
475

480
484
488

492
496
499

501
504
506

507
507
507
5
07
506
504
5
04
502
500
49
8
497
495
492
49
1
490
489
48
9
488
487
487

488
488
489

490
492
493

493
494
495

495
496
496
4
96
497
498
49
9
500
502
503

504
505
506

507
508
509

510
510
511

511
510
509
5
09
508
507
5
06
504
503
50
2
502
501
501

500
501
501
502

503
504
504

506
507
507

508
509
511

512
514
515
5
16
517
518
5
20
521
522
52
3
523
524
524

524
524
524

523
523
522

521
519
519

519
518
517
517

517
517
5
17
516
516
51
5
515
515
514
51
2
512
512
511

510
509
509

508
509
508

508
507
507

505
504
503
5
01
500
498
4
97
495
494
49
2
491
491
490

490
490
489

487
486
485

484
485
484

483
483
483
4
82
481
482
482

482
482
48
2
483
483
483
48
3
483
483
482

483
483
482

481
482
481

481
482
482

483
483
484
4
84
483
484
4
84
484
483
48
2
482
481
480

479
478
476

475
472
470

468
465
464

462
461
459
459

457
458
45
8
459
460
46
1
463
463
465
46
7
468
468
469

469
470
470

470
471
471

471
471
471

472
472
473
4
74
474
475
47
6
476
477
47
7
478
479
480

481
483
484

486
488
490

492
494
496

498
499
500
5
01
502
502
503
5
03
504
504
5
05
504
504
50
3
503
504
504

505
505
505

506
506
507

507
508
507

507
507
507
5
08
508
508
50
9
509
509
51
0
510
510
510

510
511
512

513
514
514

515
515
516

517
518
519
5
20
520
521
52
2
523
524
525

526
528
530
53
2
533
534
536

538
539
540

540
540
539

538
536
535

533
530
527
5
25
522
519
51
6
513
509
50
6
504
501
498

496
496
495

496
498
501

504
509
518

533
559
601
663

748
858
913
9
12
913
913
91
3
913
913
91
3
913
913
913

913
914
913

913
914
914

913
913
913

913
913
913
9
13
913
913
91
3
913
913
913

913
913
913

913
913
913

913
913
913

913
913
913
913

913
913
913

913
913
913
9
13
913
913
91
3
913
913
91
3
913
913
913

913
913
913

913
913
839

766
695
628

567
510
460
4
16
376
343
31
4
291
273
259

249
243
241

243
248
255
265

277
290

303
319
335
3
50
365
380
395

410
423
436
4
48
459
468
47
8
487
494
501

506
511
514

517
519
520

520
520
519

518
516
514
5
12
510
507
5
05
503
500
49
7
494
491
489

487
486
485

484
485
485

485
486
487

488
490
491
493

496
498
502

505
508
512
5
16
520
524
52
8
533
537
541

544
547
550

551
553
554

555
555
555

555
555
555
5
54
554
553
5
52
551
549
54
7
545
542
539

536
533
530

527
524
521

518
515
512

509
507
505
5
03
502
500
498

497
496
495
4
94
494
493
49
2
492
491
491

492
493
494

495
498
501

504
509
513

517
521
524
5
27
530
531
5
33
532
532
53
1
531
530
529

527
526
524
522

521
519

517
515
513
511

508
505
504

501
499
497
4
94
492
488
4
85
483
480
47
8
476
475
473

473
474
474

475
477
479

482
485
488

491
495
499
5
03
507
511
51
4
518
521
52
4
527
530
531

533
535
536
537

538
539

539
539
540
540

539
539
539

540
540
540
5
41
540
540
5
39
538
538
53
8
537
536
535

534
534
532

531
531
530

529
527
527

525
525
523
5
23
522
520
52
0
519
518
51
7
515
515
514

512
512
511

510
510
510
510

510
511
511

512
513
514

514
516
517
5
17
517
518
5
18
519
519
52
0
520
520
520

520
519
519

517
516
515

514
513
512

510
509
508
5
07
505
503
50
1
499
497
49
5
493
491
489

487
487
486
486

487
488

489
491
494
497

500
503
508

510
513
516
5
18
521
523
52
5
527
528
52
9
530
530
530

530
529
529

529
530
529

529
529
529

527
526
525
5
24
524
523
52
1
520
519
518

517
515
514
51
2
511
509
507

505
503
501

499
498
497

496
495
495

495
495
495
4
95
496
497
50
0
502
504
50
7
510
512
515

517
520
521

524
526
527

529
531
533

534
535
535
5
36
535
535
53
6
535
533
532
53
1
530
529
52
7
528
526
526

524
523
523

522
522
523

523
524
524

524
523
523
5
23
522
520
52
0
518
517
516

515
513
513

512
511
510

510
510
509

508
508
508

508
507
507
5
07
508
508
50
9
510
511
511
51
3
514
514
51
5
516
516
518

518
519
520

521
524
532

543
554
565

573
579
584
5
87
587
586
58
4
581
575
571

565
559
552

544
538
531

524
519
514

510
505
502
4
99
497
496
4
94
494
492
49
1
491
492
491
49
2
493
495

496
499
500
503

505
508
510

511
513
515

517
519
521

523
525
526
5
27
528
529
52
9
530
530
529

528
528
527

526
525
524

523
522
520
520

519
518
5
18
518
516
516

515
514
51
2
512
511
510
51
0
509
509
509

510
510
511

512
513
513

514
515
516

516
517
517
5
16
516
515
5
15
514
513
51
3
513
513
513

514
514
514

515
516
517

518
518
519

519
520
520
5
21
522
522
523

523
523
522
5
23
521
520
51
9
518
516
514

513
510
508

507
506
505

503
502
501

499
498
497
4
96
496
495
4
96
496
496
49
6
497
497
499

500
501
503

504
506
508

509
511
513

514
516
518
5
19
520
521
52
2
523
523
524
5
24
523
521
52
0
520
519
518

518
518
518

518
517
517

518
518
519

519
520
520
5
20
522
522
5
23
523
524
52
4
524
524
524

524
524
524

523
523
522

520
520
520

519
518
517
5
16
516
515
51
4
513
512
511
5
11
510
510
51
0
511
511
510

512
513
513

515
517
517

518
519
521

522
523
524
5
25
526
528
52
9
530
531
53
1
532
532
532

531
531
531

530
530
529

528
527
526

525
525
524
5
24
524
523
52
3
522
521
521
5
21
521
520
51
9
519
518
517

516
515
514

514
513
512

511
510
510

509
508
507
5
06
505
505
50
5
505
505
50
5
506
506
506

507
508
509

510
510
511

512
512
512
512

513
512
512

512
512
513
5
14
514
515
51
6
516
517
51
6
516
516
516

516
516
516

516
516
517

516
516
517

518
518
519
5
19
520
521
52
1
522
522
521

523
522
523

522
522
522
521

521
521

521
521
521
520

520
520
521

522
522
522
5
22
523
523
52
4
523
524
52
4
524
524
524

524
524
523

522
521
521

519
519
518

516
515
515
5
14
513
513
51
2
512
512
511

512
512
513

513
514
515

515
516
517

517
518
518
518

518
519
520

519
518
518
5
18
518
517
51
7
517
517
51
7
517
517
517

518
519
518

518
518
518

518
519
521

520
521
522
5
22
523
523
52
3
523
524
524

524
524
524

524
524
524

524
525
525
526

525
526
525

525
524
524

523
522
522
5
21
521
520
52
1
520
521
523

524
525
526

527
529
530

531
532
533

535
536
538
5
39
540
539
5
40
539
539
53
9
539
538
538

538
538
537

537
536
534

532
530
528
527

525
524
5
22
521
520
519

519
517
516
5
15
513
512
51
1
510
508
508

506
505
504

502
501
500

499
498
497

496
496
496
4
95
496
495
4
96
496
497
49
7
499
500
500

502
503
504

506
508
510

512
513
514
514

515
516
5
17
518
518
518
5
20
520
520
5
21
520
520
52
1
521
521
521

522
522
523

524
525
526

527
527
528

529
529
529
5
29
528
527
5
27
527
526
52
5
525
524
524
52
4
525
525
526

526
526
526

525
525
525

525
524
524

523
522
521
5
22
521
520
5
20
520
520
51
9
519
519
519

520
519
519

518
518
517

517
517
516

516
515
515
5
13
514
515
51
5
516
516
51
7
519
519
519

520
521
522

522
523
523
523

523
523
522

522
521
522

522
521
519
5
20
519
518
5
18
516
516
51
5
515
515
514

515
515
515

515
516
517

518
518
519

519
520
520
5
20
520
521
52
1
521
521
522
5
26
528
530
53
2
532
530
529

528
528
527

526
525
523

522
521
520

520
518
518
5
17
517
516
51
6
517
517
51
7
519
519
519

521
522
523

523
525
525

526
525
526

525
525
524
5
23
523
522
52
1
521
520
51
9
519
518
517

517
517
516
516

515
515
514

513
514
513

512
511
511

510
510
510
5
10
510
510
51
0
509
510
51
0
511
511
511

512
512
513

513
514
514

514
515
515

514
515
515
5
16
516
517
51
7
518
519
521
52
3
523
524
52
4
524
523
522

522
521
520

518
518
517

516
516
515

515
514
514
5
14
514
514
51
4
514
515
51
5
515
515
516

516
517
516

516
517
517

516
517
517

517
516
517
5
18
518
518
518
5
19
519
520
52
1
521
522
52
3
524
524
525

525
525
524

524
524
523

523
522
522

521
521
520
5
20
519
518
51
7
516
515
514

512
512
510

509
509
508

507
507
508

508
508
509
5
09
510
510
5
11
512
514
515
5
16
517
518
51
9
520
521

521
522
522
523

524
525
526

527
528
527

527
528
528

527
527
527
5
27
527
526
52
5
525
524
523

523
523
522

521
520
520

519
518
518

517
517
517
5
16
517
517
517

518
518
518
5
18
519
519
52
0
520
519
519

519
520
520

519
520
520

521
523
524

525
526
528
5
29
530
530
5
31
532
533
53
3
533
533
533

534
534
534

534
535
535

534
533
533

532
530
529
527

525
523
522

520
517
515
5
14
511
508
50
5
502
500
497

495
493
491

488
488
487

486
485
484

484
484
485
4
87
488
490
4
93
495
497
50
0
504
508
512

517
522
525

529
533
535

538
539
541
543

544
544
545

545
544
545

543
543
542
5
42
541
540
54
0
539
538
537

537
536
535

535
534
533

532
531
530

529
528
527
5
27
526
526
5
26
525
524
52
4
523
522
521
52
0
519
517
517

517
517

516
516
517

517
517
517
518

519
519
520
5
20
521
522
5
22
523
523
52
4
525
525
526

526
527
527

528
528
529

529
530
530

531
531
531
5
31
531
531
53
1
530
529
52
9
528
527
527

528
529
528

529
530
529

530
530
531
531

530
531
531

530
530
529
5
29
529
528
5
27
526
525
52
4
524
523
524

524
525
525

525
525
524

523
523
524

524
523
523
5
24
522
521
52
1
519
518
51
6
516
514
513

512
511
510

510
509
508
507

506
505

505
505
504
504

505
504
503
5
03
503
503
5
04
504
504
50
5
505
505
506

505
505
505

505
506
506

506
506
508

508
509
510
5
11
513
514
51
5
516
517
51
7
519
519
520

521
522
523

523
524
524

524
524
524

524
525
524
525

527
528
528
5
29
531
533
53
6
538
539
54
0
540
540
540

539
539
538

538
536
534

532
530
527

525
523
521
5
19
516
514
51
2
510
508
506

504
503
501

500
499
498

497
497
497

497
498
499
500

503
504
505

507
508
510
5
12
514
514
51
6
517
518
51
9
520
520
521

521
521
520

521
521
520

520
520
521

522
523
524
5
26
527
528
52
9
531
532
532

533
533
534
53
3
533
532

532
532
531
532

531
531
531

530
530
529

529
528
527
5
26
525
524
52
3
523
522
522

521
522
521

521
521
521

520
520
521

521
520
520

521
520
520
5
21
521
522
52
3
524
525
526

527
526
527

526
526
525
525

525
524
525

524
523
523

522
521
520

520
520
520
5
21
521
521
52
1
522
522
523

524
524
524

524
526
525

525
525
525

524
524
524
5
24
524
524
5
24
525
526
52
6
526
527
527

527
527
527

526
526
526

525
525
526
526

526
526
526

525
525
525

524
522
522
5
22
521
521
52
0
520
519
520

519
519
519

519
519
518

518
518
519

518
518
518
5
18
519
518
5
19
519
519
51
9
519
520
520
52
0
521
521
521

521
521
522

521
522
521

521
521
521

520
520
520
5
20
520
520
5
21
521
522
52
2
524
525
526

527
528
530

530
531
533

534
534
534

533
533
534
5
33
532
531
53
1
529
528
52
8
527
526
525
52
5
525
525
524

524
524
523

522
522
522

520
520
520

519
517
517
5
16
515
514
5
14
514
513
51
3
514
514
514

514
515
516

517
518
519

519
519
520

520
520
520
5
20
519
519
51
8
517
516
515
5
15
515
515
51
5
516
517
518

518
518
519

520
521
522

522
523
524

524
525
526
5
27
528
528
5
28
527
526
52
7
526
526
525

524
524
523

522
522
521

520
519
519

518
517
516
5
16
515
515
515
5
15
514
514
5
14
515
515
51
6
516
515
515

517
518
519

521
522
524

525
526
528

530
531
533
5
34
534
534
53
6
536
536
53
6
537
537
536

536
535
533

531
530
529

528
528
527

526
525
524
5
24
522
521
52
1
520
519
518
5
17
516
516
51
6
515
515
515

515
514
513

513
513
512

512
512
511

510
509
509
5
09
507
507
50
7
506
506
50
6
506
506
506

505
505
505

505
505
505

504
505
504

503
503
503
503

503
502
502
5
02
502
502
50
3
503
503
50
3
504
503
503

504
504
505

506
507
507

507
507
507

506
506
507
5
09
509
510
51
0
510
510
510

510
509
509

509
510
511

511
512
512

512
513
515

516
517
518
520

521
522
523
5
25
525
527
52
8
529
529
53
0
531
531
531

531
531
530

529
529
528

526
525
524

523
521
519
5
17
515
513
51
1
508
507
505

503
502
500

500
500
500

500
501
502

503
505
507
508

510
511
513

514
514
515
5
15
516
516
51
5
515
514
51
3
512
512
511

511
511
509

508
507
507

506
505
504

503
503
502
5
02
502
502
50
3
503
503
503

504
503
505

504
505
504

504
502
501

500
501
500
500

500
500
500

501
501
502
5
02
503
504
50
4
505
506
506

508
507
508

510
511
512

513
514
515

515
515
516
5
16
516
516
5
16
514
513
51
2
510
508
506

506
505
503
50
1
500
498

496
495
493
491

491
490
490

489
489
489

491
491
492
4
94
497
499
50
0
502
505
507

507
508
508

510
511
513

514
513
513

513
514
514
5
14
514
515
5
16
517
517
51
7
519
520
521

522
524
524

525
527
528
528

528
528

528
527
527
527

526
523
522
5
20
518
516
5
15
513
511
50
9
508
508
507

508
507
507

507
508
509

510
512
515

516
519
521
5
22
525
527
5
29
531
533
53
6
539
540
542

543
544
545

545
547
547

547
546
546

545
545
544
543

542
540
539
5
37
535
533
5
30
527
524
52
1
518
515
512

509
508
506

506
505
504

504
505
506

507
508
510
5
12
514
516
51
8
519
521
52
3
525
526
528

528
530
529
529

529
528
527

526
524
521

519
516
513

510
507
503
5
00
498
496
4
95
495
495
49
6
497
499
502

506
510
515

522
528
535

541
547
554

559
564
568
5
71
574
575
57
7
576
576
57
5
574
572
571

568
568
566

563
562
560
557

554
552
550

548
546
545

542
540
538
5
36
533
531
52
8
526
525
52
2
521
520
518

517
517
515

515
515
516

515
516
516

515
515
516
5
16
518
519
52
0
520
521
52
2
522
521
521
52
2
522
523

523
524
525

525
526
527
526

525
524
524

523
522
521
5
20
520
520
52
0
519
518
51
7
517
517
516

516
517
516

516
517
517

517
517
517

517
517
517
5
16
516
514
51
3
513
513
513
51
3
513
514
51
4
515
516
516

518
519
520

522
523
525

526
527
527

528
528
529
5
28
529
529
52
9
529
529
52
8
529
529
529

528
528
529

529
529
529

528
527
526

525
524
523
5
23
521
519
51
8
516
514
512

512
511
511

510
509
509
508

508
509
509

508
509
510

511
512
513

514
516
518
5
19
519
519
52
0
521
521
522
522
522
522
522
5
22

522
522
523
524

525
526
527
5
27
528
528
5
28
528
527
52
6
526
525
524

525
524
523

522
522
522

522
521
521

522
521
520
5
21
521
520
5
21
521
520
52
0
520
519
519

519
519
519

519
519
518

517
516
516
515

514
514
514

513
512
512
5
12
512
512
5
13
513
514
51
4
515
516
516

517
517
517

518
518
518

517
518
517

517
518
517
5
17
517
517
51
7
517
517
51
7
517
517
518

518
518
518

517
518
518

518
519
518
519

519
519
519

519
520
520
5
20
520
520
5
21
521
522
52
2
523
523
523

523
523
522

522
522
521

521
520
520

519
519
518
5
18
517
516
51
6
516
516
51
6
516
515
514

512
513
512

513
513
512

512
513
512
512

512
511
512

512
511
511
5
11
511
510
51
0
509
508
50
8
509
508
508

507
508
508

508
509
509

509
509
510

510
511
512
5
15
516
518
51
9
521
522
52
3
524
526
527
52
9
531
532
534

537
540
542

544
546
548

549
550
550

551
551
552
5
51
552
550
54
9
547
544
54
2
541
539
538

536
536
535

533
533
532

530
529
528

526
524
523
5
22
521
520
51
9
519
518
518

516
516
516

515
515
515
515

515
516
515

515
515
516

516
516
517

516
516
517
5
17
518
517
51
8
518
518
51
7
517
517
516

516
516
515

515
515
515

513
512
511

510
509
507
5
06
505
504
50
4
503
503
503
50
4
504
505
50
5
505
506
507

508
509
510

511
512
513

514
515
516

517
517
518
5
19
519
520
52
1
522
522
522

523
523
523

522
523
523

523
522
523

522
522
522
5
21
520
520
5
20
519
518
51
8
519
519
519

519
520
520
52
0
521
521
522

523
523
523

524
524
525

525
525
525

525
525
525
5
25
524
524
52
2
523
523
522

521
521
520

519
518
517

516
515
514

513
512
512
5
12
512
512
5
12
511
510
51
0
509
508
507
50
7
506
507
506

506
506
506

506
505
505

506
506
507

508
508
510
5
11
510
511
5
11
511
512
51
2
513
514
515

517
518
519

520
521
523

523
525
526

527
528
530
5
31
531
532
5
32
531
530
52
9
528
527
526
52
5
524
523
522

521
520
519

518
519
518

518
517
517

517
517
517
5
17
516
516
5
17
517
517
51
7
517
517
517

518
519
520

520
521
522

521
522
522

522
523
522
5
22
521
520
52
0
520
519
520
5
19
519
520
52
1
521
521
521

522
522
523

523
525
525

526
526
526

526
525
525
5
24
523
522
5
21
519
518
51
6
515
514
513

512
511
510

510
509
509

509
509
510

510
510
511
5
12
512
512
513
5
13
514
515
5
16
517
517
51
7
517
517
517

517
517
516

515
515
515

514
514
513

512
512
511
5
11
510
509
50
9
509
508
50
8
508
509
509

509
509
510

510
511
512

512
512
514

514
515
515
5
15
516
516
516
5
18
518
519
5
20
520
520
52
1
521
521
521

522
522
522

523
524
524

524
524
524

524
523
523
5
23
523
523
52
2
522
521
52
0
519
519
518

518
518
517

517
517
517

517
518
518

518
519
519
5
22
522
522
523
5
23
524
525
52
6
526
527
52
7
527
527
527

527
527
527

526
526
525

524
523
523

523
523
522
5
21
522
521
52
2
523
523
52
4
525
525
525

526
525
525
523

523
522

521
520
520

519
519
518
5
18
518
516
516
5
15
515
515
51
5
515
517
51
8
519
520
520

522
523
523

524
524
524

525
525
525

526
526
526
5
26
525
524
52
4
523
523
521

520
520
519

519
519
519

519
518
518

518
518
517
516

516
515
514

514
512
512
5
11
511
511
51
1
511
510
51
0
511
512
512

513
514
515

515
516
516

516
517
519

519
520
521
5
22
522
522
523
5
24
524
525

525
525
524

524
524
523
522

522
522

520
518
517
5
15
514
512
5
12
510
508
506
5
05
504
503
50
2
502
501
501

501
502
502

503
504
506

506
507
509

510
511
512
5
13
514
514
5
15
515
516
51
7
517
518
519

521
521
522

523
524
525

526
527
528

528
529
530
5
30
529
529
528

527
526
525
5
24
522
520
51
8
517
515
515

514
513
512

512
513
513

513
514
515

515
516
516
5
17
517
517
5
18
517
517
51
7
517
517
517

516
516
514

514
514
513
512

512
512
511

510
509
508

507
507
507

507
507
507
5
07
506
506
50
5
504
504
503

503
503
502

501
501
501

501
501
502

503
503
503
5
04
505
506
5
07
508
509
51
0
513
515
517

521
524
525

527
528
529

531
532
533
535

537
538
539

540
541
542
5
43
544
544
5
45
546
547
54
8
549
550
552

553
554
555

555
556
556

555
554
552

550
549
547
5
45
543
541
53
9
538
536
53
4
532
531
530

528
527
527
526

525
525
524

525
525
526

526
527
528

529
531
532
5
33
534
534
5
34
534
533
53
3
533
532
532

533
533
534

535
538
540

543
546
550

553
556
559
5
61
563
564
56
6
566
566
56
6
566
567
568

571
572
575
577

578
579
581

581
581
580

578
575
573

571
568
567
5
65
565
565
5
65
567
570
57
4
579
585
592

600
609
616

623
630
637

642
646
650

653
654
654
6
54
652
650
64
7
643
639
63
4
632
628
625

622
620
618

616
613
611
609

607
604
602

599
596
593

589
585
581
5
78
574
572
56
9
567
565
56
4
564
563
562

561
562
561

561
561
560

560
559
558

557
556
555
5
55
554
553
55
3
552
550
549

548
547
546

545
544
543
543

542
542
543

542
543
544

545
545
546

547
548
548
5
49
549
549
55
1
551
553
55
4
554
555
555

554
554
553

553
553
552

550
548
546

542
536
530
5
23
515
507
49
9
491
484
477

471
465
461
45
7
455
453
453

453
454
455

457
460
463

466
470
473

476
479
482
4
85
487
488
48
9
490
488
48
6
483
478
473

466
459
451

444
437
430

424
420
417

416
414
414
4
14
414
415
41
7
420
424
430

437
445
454

463
473
482
491

501
510
518

526
533
539

543
547
550

552
554
555
5
57
556
555
55
4
552
550
547

546
544
542

541
541
539

538
537
536

536
536
536
5
37
538
539
541

542
543
54
4
545
546
547

548
550
551
55
3
557
560
563

566
570
573

576
580
583

586
589
593

596
598
601
6
04
607
610
61
2
616
619
621

624
627
629

631
633
633

633
633
633

634
634
634
6
35
637
639
6
42
645
650
655
6
61
667
673
67
9
686
691
698

704
708
711

712
712
709

704
698
691

681
671
660
6
49
639
629
6
19
608
598
58
9
580
572
564

557
551
545

540
537
533
530

529
527

526
526
525
524

523
522
5
22
521
522
522
5
24
526
528
53
0
533
535
538

542
545
549

552
556
560

563
567
571

574
577
580
5
83
586
589
5
92
595
597
59
9
600
601
602

602
603
603

604
605
605

605
606
606

606
606
605
6
05
604
603
602
6
01
600
599
5
98
598
597
59
6
596
596
596

596
597
598

598
599
598

599
599
599

599
599
599
5
99
599
599
6
00
599
599
60
0
601
602
603

605
606
608

609
611
612

613
614
616

616
617
618
620

620
621
623
6
25
626
628
6
30
633
635
63
7
640
642
645

647
650
652

654
656
658

660
662
664

663
663
662
6
61
661
662
66
4
667
672
67
7
684
690
697

703
708
713

716
719
721

722
721
719

716
711
705
699

692
684
677
6
69
660
651
6
43
635
627
62
0
615
609
604

600
596
593

590
588
586

583
579
576

570
565
560
5
55
551
547
54
4
542
541
54
0
539
539
539

539
540
542

543
545
549

552
555
559
564

569
573
579

584
590
596
6
02
608
613
61
8
622
627
63
0
634
638
641

643
646
647

647
647
645

642
638
635

631
628
624
6
21
617
614
61
1
608
606
60
4
603
602
602

602
604
606

608
611
615
618

623
629
635

642
651
662

674
689
706
7
23
740
756
77
3
788
801
81
2
822
829
833

836
836
834

829
824
816

806
795
783

769
755
741
7
28
715
702
69
0
678
667
657

647
638
628

619
611
603

596
588
581
575

569
564
560

556
553
551

549
546
544
5
43
543
542
54
2
542
541
54
1
542
544
545

546
549
552

556
561
567

574
582
590

599
610
620
6
32
642
651
66
0
670
678
686

693
699
703

707
709
710

711
711
710

709
707
704
701

697
692
686

679
672
663
6
54
644
635
62
5
616
605
595

586
576
567

559
552
544

538
533
528

523
520
518
5
15
513
512
5
11
510
509
51
0
509
509
509

510
510
510

510
511
511

511
511
512
512

513
513
513

513
513
514

515
516
515
5
15
516
516
51
6
516
516
515

516
516
516

516
516
517

517
518
519

519
520
520
5
21
522
522
5
24
525
525
52
5
525
526
525

525
525
525

524
525
525
525

526
526
527

529
530
533

537
541
547
5
53
559
567
5
75
583
590
59
7
605
611
617

622
626
630

632
634
635

634
633
632

629
626
624
6
19
614
609
6
03
597
590
583
5
75
568
561

554
548
541
535

532
528
524

520
518
515

514
512
511

511
511
512
5
11
511
512
5
13
513
514
51
4
515
516
517

518
519
520

521
522
523

524
526
528

528
529
529
5
30
531
530
53
1
530
529
528
5
29
529
528

527
527
526

526
526
525
525

524
524
524

524
524
523

523
523
523
5
23
523
523
5
23
524
524
52
4
524
524
524

524
525
525

525
526
527

527
528
531

534
538
542
5
48
554
561
569
5
77
585
59
3
601
609
617
62
4
630
635
640

644
648
650

652
653
652

652
650
649

646
643
640
6
36
631
626
62
1
613
607
59
9
592
585
578

570
563
556

550
544
538

532
528
525

521
519
517
5
16
516
516
51
6
517
518
517
5
18
520
520

521
522
523

524
525
525
525

525
527
527

527
527
527

527
527
527
5
26
526
526
52
5
525
524
52
4
523
523
523

522
522
522

522
522
522

522
522
523

523
523
523
5
24
525
525
525
5
26
526
526
52
7
527
527
52
7
528
528
529

529
529
528

529
529
530

532
534
537

541
546
552
5
59
566
573
58
1
590
600
60
9
618
626
634

641
647
652

657
661
664

665
665
666

663
661
658
6
55
650
646
64
1
636
630
623
61
6
608
599
59
0
581
572
561

552
544
535

528
521
515

510
506
503

501
499
498
4
99
499
501
50
2
505
507
510

513
516
518

520
522
524

524
526
527

527
527
527
5
27
526
526
525

524
524
523
5
23
522
521
52
1
520
519
51
8
517
517
516

516
516
516

515
514
515

514
514
514

514
514
514
5
15
515
515
51
5
515
515
515

516
515
515

515
516
517

517
518
519

519
520
521
5
22
523
525
527

529
532
535
5
41
547
553
56
0
568
576
585

594
603
611

619
627
633

640
645
650

653
655
656
6
57
656
655
6
54
652
649
64
6
642
637
633

627
621
614

607
600
591

582
572
563

554
544
536
5
27
519
513
507

502
498
495
4
94
493
491
49
2
492
492
494

495
497
499

500
503
505

506
507
509

510
511
512
5
13
514
514
5
15
514
514
51
4
514
514
514

514
513
512

512
513
512
511

510
510

510
509
508
5
08
508
508
50
9
509
510
510
5
11
510
510
51
0
510
509
510

509
510
509

510
511
510

510
510
510

510
511
510
5
11
511
512
5
13
513
514
51
4
516
519
521

524
528
532

538
544
551
558

565
573

580
587
594
600

605
609
614
6
17
619
620
6
21
620
618
61
7
613
610
606

601
596
589

583
575
567

560
552
544

536
528
521
5
15
508
503
49
8
494
491
48
8
487
487
486

487
488
489

492
494
496
498

501
503
506

508
510
513

514
516
517
5
19
519
520
5
20
520
520
51
9
519
518
517

517
515
514

514
514
513

513
513
513

514
514
514
5
15
515
516
51
7
517
519
51
9
521
521
522

523
523
524

524
525
525
525

525
526
526

525
526
526

526
527
527
5
28
528
528
5
30
530
531
53
2
535
536
538

542
546
551

557
564
571

579
588
596

604
613
622
6
28
635
641
64
6
649
651
65
3
654
654
653

651
648
645
641

637
632
626

620
613
605

598
589
581

572
563
554
5
46
538
530
52
4
518
513
50
9
506
503
501

500
500
501

501
503
504

505
507
509

511
513
514
5
16
518
520
52
2
523
524
524

524
524
524

524
524
523
522

522
520
518

517
516
516

515
514
514

513
512
511
5
12
512
512
51
2
512
512
51
1
511
511
510

510
510
511

512
513
513

514
515
515

516
517
518
5
19
519
520
52
0
520
520
519

520
520
520

520
521
522

524
527
530
534

540
548
555

564
573
583

593
603
614
6
24
633
642
64
9
656
662
66
7
671
674
675

675
674
672

670
666
661

656
649
643

635
627
619
6
11
601
591
58
1
571
561
551

541
531
522

514
508
501

497
493
491
490

489
490
490

492
493
495

497
499
502
5
04
506
508
50
9
511
511
512

513
513
513

513
513
512

511
511
511

511
511
512
5
12
512
513
5
13
513
512
51
2
512
512
512

513
513
513
51
2
512
512
511

510
511
510

510
510
510

510
510
510

510
509
509
5
10
510
510
51
0
510
511
511

511
512
513

514
515
516

517
519
522

524
528
532
5
38
544
552
5
61
570
580
58
9
600
609
619
62
7
635
641
646

652
655
658

659
659
659

656
654
651

647
644
639
6
33
627
620
6
14
606
597
58
8
578
569
561

552
544
535

525
517
509

502
496
491

487
484
482
4
81
481
481
4
83
485
486
488
4
90
492
495
49
7
500
502
505

506
508
509

509
510
510

510
510
509

508
507
507
5
05
505
503
5
03
502
501
50
1
500
499
499

499
500
500

500
501
501

502
503
504

505
506
506
5
07
507
508
50
8
508
508
50
8
508
508
508
50
9
509
508
509

510
510
511

512
513
513

512
512
512

512
513
514
5
15
517
518
5
23
527
532
53
7
545
553
561

569
579
587

595
603
610

617
622
627

631
633
634
6
35
634
632
630
6
26
623
618
6
13
608
601
59
4
587
579
572

564
555
547

539
530
523

517
510
505

501
497
494
4
92
491
490
49
2
492
494
49
6
498
501
504

506
509
511

513
515
516

517
519
519

519
518
518
518

517
516
516
5
16
516
516
5
16
516
516
51
6
516
516
516

516
516
515

515
516
516

516
516
515

515
515
514
5
15
515
515
51
5
515
515
51
5
515
516
516

516
516
516

516
516
516

516
516
515

516
516
517
5
18
519
520
52
1
524
526
530
53
4
540
546
55
2
561
570
580

590
600
609

620
628
636

644
649
654

659
661
662
6
62
661
659
65
6
653
648
64
4
639
633
626

619
612
605

597
589
580
571

562
553

544
534
525
518

511
504
499
4
95
491
489
48
8
487
487
48
7
489
491
493

496
498
500

502
504
506

507
508
510

511
512
512
5
13
513
512
51
3
512
512
512

513
513
513

512
512
511

510
510
510

510
509
509
509

509
508
508

507
507
506
5
06
506
505
50
6
507
507
50
7
508
508
507

507
507
507

507
508
509

509
510
510

511
512
512
5
13
514
514
51
5
516
518
520

523
527
532

538
545
553
562

572
583
594

606
617
627

637
646
654

659
664
667
6
71
673
673
67
2
670
667
663

659
654
647

639
632
625

617
608
599

590
580
570
5
60
550
539
5
29
520
511
50
3
496
490
485

482
479
477

476
476
477

479
482
485

488
491
494
497

500
503
506

508
509
510
5
11
511
511
51
1
510
509
508

507
506
504

502
501
499

496
495
494

494
493
492
4
92
491
491
4
92
491
492
49
2
493
493
494

495
494
494

494
495
495

496
496
497
497

497
498
498

498
499
500
5
01
501
502
5
03
504
505
50
5
506
506
506

507
508
510

512
515
518

522
528
535

543
551
559
5
68
577
585
5
94
602
609
61
6
622
626
629
63
0
631
630

628
626
623

619
614
609

603
597
590
583

576
568
560
5
51
542
534
5
26
517
510
50
3
497
490
485

482
479
477

476
476
477

478
480
482

484
487
490
4
92
494
497
49
9
501
503
50
4
506
508
508

509
509
509

510
511
511
511

511
512
511

511
511
512

512
511
512
5
12
511
512
5
12
512
512
51
3
514
514
515

515
516
516

516
517
517

517
517
517

516
516
516
5
17
517
517
51
8
518
518
51
8
518
518
518
51
8
518
518

519
520
521
522

525
528
533

539
545
553

562
570
580
5
89
598
608
61
7
625
632
63
9
644
647
651

652
654
653

652
651
649

646
642
638

633
627
620
6
14
606
599
59
2
584
575
56
6
557
547
538

530
523
516

511
507
502

499
497
495
494

494
494
495

495
497
498
4
99
500
503
50
4
505
506
50
7
509
510
511

511
511
511

511
510
510

509
507
507

507
506
505
5
05
504
504
50
4
504
504
505

506
506
506
50
6
507
507
507

508
508
508

509
510
510

510
510
511

511
510
510
5
11
511
511
51
1
512
512
51
3
513
514
513

513
514
514

514
515
516

517
519
522

526
532
538
5
45
554
564
57
4
586
597
608
62
0
631
640
64
8
656
662
667

671
673
674

674
673
671

667
662
658

652
646
638
6
31
624
616
60
8
600
591
581

571
561
550

540
531
523

515
507
500

493
489
485
4
82
481
480
4
81
483
484
48
6
489
492
494
49
6
498
499
50
1
503
504
505

506
508
509

510
510
510

510
510
510

509
508
507
5
06
506
504
50
4
504
504
503

502
502
501

500
499
499

498
498
498

498
498
498
4
98
498
497
4
98
498
499
49
8
500
500
500

500
500
502

502
503
504
504

505
505
506

507
508
510

512
514
516

519
523
527
5
34
541
549
55
8
567
576
586

596
605
615

623
631
638

644
648
652

654
655
655
6
53
652
649
6
46
642
637
632
6
26
620
613
60
6
599
590
581

572
561
550

540
530
520

510
502
494

487
481
475
4
71
468
465
4
64
464
464
46
5
467
469
471

475
478
481

483
485
488

491
493
496

497
499
499
5
01
502
503
503

503
502
502
5
02
502
502
50
2
502
502
502

502
502
501

501
501
500

500
500
499

500
500
501
5
01
502
502
5
03
503
503
50
3
504
505
504

503
504
504

504
505
504

505
505
505

505
504
505
5
06
505
506
50
7
508
510
512
5
14
517
521
52
6
532
538
545

554
562
571

580
589
597

603
609
615

619
622
624
6
24
623
622
62
1
618
614
60
9
605
600
594

588
581
574

565
557
548
539

530
522

513
506
499
492

487
483
480
4
78
477
477
4
77
479
480
48
2
484
487
490

494
497
500

504
508
510

513
515
517

518
518
519
5
19
518
517
51
6
515
514
51
2
511
511
509

508
507
507

506
506
505

505
504
505
504

505
506
507

508
509
509
5
10
510
510
5
11
510
511
51
1
511
512
511

512
512
512

512
513
513

513
513
514

514
514
515
5
15
515
516
51
8
519
522
52
5
530
535
541

548
556
564

574
584
595
605

615
624
633

640
646
651

656
658
660
6
60
659
657
65
5
652
649
64
5
642
637
631

626
619
613

605
597
589

580
572
563

554
545
536
5
28
520
513
50
7
501
496
491

488
486
484

484
485
486

486
488
491
493

495
498
500

501
502
504

506
506
507
5
08
508
507
50
7
507
507
50
6
506
505
504

503
502
502

501
501
501

501
500
501

500
501
501
5
01
501
502
502
5
03
504
505

506
507
507

507
507
507

507
508
507
508

508
508
507

507
507
507

507
506
506
5
07
508
508
51
0
511
513
51
5
518
521
526

532
540
547

557
567
578

588
599
610

621
630
637
6
45
650
654
65
7
659
660
660

658
656
653
65
0
645
640

633
627
621
613

606
598
590

582
572
563

554
544
535
5
26
518
510
50
3
497
492
487

483
481
480

479
479
479

480
482
484

486
488
490
4
93
496
498
5
00
502
504
50
6
508
509
510

512
512
512

512
512
511

510
509
508
508

506
505
504

503
503
502

502
502
501
5
02
501
501
50
1
501
501
501

501
501
502

502
503
504

504
504
504

504
504
505
5
05
506
506
5
06
507
508
50
8
509
509
510

510
511
512

514
516
518
521

525
531
538

546
555
565

576
586
597
6
08
617
626
6
34
640
645
64
9
652
653
653

652
650
647

643
639
633

628
621
614

607
599
591
5
83
574
566
5
56
548
538
52
9
521
513
506

499
494
489
485

482
481
480

479
481
482

484
485
487

490
492
494
4
97
499
501
5
04
506
507
50
8
508
510
510

509
509
508

507
507
505

504
504
503

502
501
500
5
00
499
498
49
8
498
498
49
8
498
499
498
49
8
499
498
499

500
500
501

502
504
504

505
506
507

508
508
508
5
08
508
509
5
09
510
509
50
9
509
509
508

508
509
509

510
512
515

519
523
529

536
544
552
5
62
572
581
59
1
601
609
61
7
624
629
634
63
9
641
643
644

643
642
639

635
632
628

623
618
612

605
598
590
5
82
574
565
55
6
547
537
52
8
520
512
505

498
494
489

486
485
483

483
483
484

486
487
489
4
92
495
497
500
5
02
505
507

508
509
510
51
1
511
511
510

509
509
508

507
507
506

506
506
505

504
504
503
5
04
504
503
50
3
503
502
50
2
502
502
502

502
503
503

503
504
504

505
505
505

506
506
506
5
07
507
507
508
5
09
510
510
51
1
511
510
51
1
512
513
514

515
516
517

519
521
524

527
532
538

544
550
558
5
66
574
583
59
2
600
607
61
4
621
625
629

632
634
636

635
635
633

631
628
624

620
614
609
6
02
596
589
581
5
72
564
555
54
5
536
527
51
9
511
504
499

493
490
486

484
483
483

483
483
485

487
489
491
4
94
497
499
50
2
505
507
508

510
511
511

512
513
513

513
513
512

511
511
510
5
09
508
506
5
05
505
504
504
5
03
503
503
50
3
503
503
50
3
504
505
505

506
506
506

506
507
508

508
508
507

507
507
507
5
07
507
507
50
8
508
507
507

508
509
509

509
510
510

511
511
513

514
515
519
5
23
527
531
538

545
553
561
5
69
577
585
59
3
600
608
614

619
623
626

629
630
631

629
627
624

620
616
611
6
05
598
591
5
83
575
566
55
8
549
541
532

524
517
509

503
498
494

490
486
485

483
483
482
4
83
484
485
487

489
491
492
4
94
497
499
50
1
503
504
505

506
507
508

509
509
509

509
509
509

508
508
508
5
07
507
507
5
07
506
506
50
6
505
505
505

505
505
505

504
504
504

503
503
503
504

504
504
505

505
506
506
5
07
508
509
5
10
511
512
51
3
514
514
515

516
516
516

516
517
518

519
521
524

528
533
538
5
45
552
561
5
71
580
590
59
8
608
617
624

631
637
641

645
648
649
649

647
645

642
638
633
6
29
623
617
61
1
604
597
589
5
82
574
565
55
7
549
540
533

525
519
513

508
504
500

498
496
496

496
496
497
4
98
499
499
50
1
503
505
50
7
509
510
511

511
512
512

512
511
511
510

510
509
508

509
508
5
08
507
507
508
5
07
507
507
5
07
507
507
50
7
508
508
508

509
509
510

509
510
510

510
510
510

510
509
508
5
07
506
505
50
5
504
505
50
5
505
506
505

505
506
505

505
506
506
506

508
510

514
517
522
529

537
544
554
5
63
573
583
59
3
602
611
61
9
627
633
638

643
645
647

647
647
646

643
640
637

633
629
624
6
18
613
606
60
0
593
584
57
6
568
559
551

541
533
524

516
510
504

499
495
492
490

489
488
489

489
490
492
4
93
495
496
49
8
500
501
50
2
502
502
502

501
500
499

497
496
494

491
490
488

485
483
481
4
80
479
479
47
8
478
477
477

478
478
477
47
7
478
479
480

481
481
481

482
484
484

485
486
488

489
490
492
4
94
496
497
49
9
501
503
50
4
507
508
510

512
514
515

517
519
522

524
527
531

536
542
548
5
56
564
572
58
1
590
600
608

617
624
630

635
639
642
643

643
641
638

634
630
624

618
610
603

595
587
580
5
72
564
555
54
6
537
527
518

510
501
494

486
480
474

469
466
464

462
462
462
4
63
465
467
4
71
475
479
48
4
488
493
497

501
503
506
50
9
511
512
513

513
513
512

510
509
506

503
501
499

495
492
488
4
85
482
479
47
6
474
471
469

468
465
464

462
461
461

460
461
461

461
462
464
4
65
468
470
4
73
476
478
481
4
83
485
488
49
0
491
492
493

495
496
495

495
496
495

495
494
494

493
493
493

492
493
492
4
92
493
492
49
2
491
492
493

494
495
496

498
499
501

502
503
505

506
507
509
5
09
510
511
5
11
511
511
51
1
511
511
511
51
0
508
507
505

503
500
498

496
495
493

490
489
488

487
486
486
4
85
484
484
4
84
483
483
48
3
484
485
486

487
487
489

489
491
492

493
495
496

497
499
500
5
01
501
501
50
3
503
505
505
5
06
507
507
50
8
509
509
509

510
510
509

509
508
508

508
507
508

507
506
507
5
06
505
503
5
02