
5146
566
566
567
567
568
568
568578
577
576
575
574
573
572
571
571
569
568
567
567
566
566
565
565
565
566
566
566
567
567
568
568
56878
577
576
575
574
573
572
571
571
569
568
567
567
566
566
565
565
565
566
566
566
567
567
568
568
5685
77
571
566
56
1
556
552
549
54
8
546
545
544

544
543

543
543
543
544

544
547
550

552
555
558
5
61
563
565
5
67
569
571
57
2
574
575
576

577
577
578

578
579
579

579
578
578

579
578
579
5
78
578
578
5
77
576
576
57
5
574
573
572

571
571
570
569

569
570
569

569
569
569

569
569
569

569
567
567
5
67
567
567
5
68
568
569
56
9
571
570
570

570
571
571

571
571
571

570
570
570

570
571
571
5
71
570
570
57
1
570
570
569
5
70
570
569

569
569
570
569

569
569
568

569
570
570

570
570
570

569
569
570
5
70
570
570
5
71
572
570
56
9
569
569
569

570
571
571

571
571
572

571
571
572

573
573
572
5
72
573
574
57
3
572
572
57
2
572
571
572
57
2
571
571
570

570
570
570

570
570
570

570
570
571

571
572
573
5
73
573
573
57
4
573
573
57
2
573
573
573

573
574
574

573
573
573

573
573
574

573
573
572
5
72
572
572
57
2
571
570
56
9
569
568
568
56
7
567
567
567

567
568
568

568
569
567

568
567
567

566
566
565
5
66
566
565
56
6
567
567
56
7
568
568
567

567
567
568

568
568
569

569
568
568

568
569
569
5
70
571
571
572
5
72
573
572

573
573
574
57
4
573
573
573

573
573
572

573
573
573

573
573
573

574
574
573
5
74
574
575
57
5
575
576
57
6
577
577
577

578
578
578

579
579
580

579
579
579

578
578
577
5
77
575
575
574
5
74
572
571

571
570
569
56
9
568
568
566

566
566
566

566
567
567

567
566
567

567
567
567
5
67
568
567
56
7
568
567
567

568
568
567

567
568
567

568
568
569

569
569
569
569

569
568
569

569
569
56
9
569
570
570
57
0
571
571
57
1
570
570
569

569
568
567

567
566
566

567
566
566

566
566
566
5
66
566
567
56
7
567
567
567

567
567
567

567
567
567

567
568
568
569

569
570
570

571
571
571

570
570
570
5
70
569
569
56
9
569
570
570

571
571
571

572
572
572

573
573
574

575
576
577
5
77
577
577
5
77
577
577
57
6
576
575
573

572
571
570

569
569
568

567
567
568

568
567
567
5
67
567
566
566

566
565
564
5
64
564
564
56
5
567
567
569

570
572
572

572
573
573

573
572
572

572
571
571
5
71
571
571
5
71
571
572
57
1
571
571
570

570
570
570

570
570
569

569
570
571
572

572
573
5
73
573
573
574

572
572
572
5
73
572
572
57
2
571
571
571

572
572
572

572
573
572

572
572
573

573
572
573
5
73
572
572
5
73
573
574
57
4
574
574
574

574
574
573

572
572
572

571
571
572
572

571
572
5
72
572
573
573
5
73
574
574
5
74
574
574
57
4
576
576
576

576
576
575

575
575
575

575
574
575

574
575
575
5
75
574
574
5
74
574
574
57
3
573
573
572

572
573
572

572
572
572

571
571
572

571
571
571
571

571
573
572
5
72
571
570
5
71
571
570
57
0
571
572
572

572
572
572

572
573
573

573
574
575

575
575
576
5
76
576
577
57
7
577
578
57
8
579
579
579

578
578
578

578
579
578

578
578
578
578

577
576
575

574
574
574
5
73
573
573
5
73
573
573
57
2
572
572
572

572
572
573

572
574
572

571
570
570

570
570
570
5
70
570
571
57
1
572
573
57
3
573
573
574
57
3
574
574

575
576
577

578
578
579
580

580
581
583

582
582
582
5
83
583
583
58
2
581
581
58
0
581
581
580

580
581
582

582
582
582

582
582
583

584
584
584
5
85
585
585
58
6
586
586
587

588
588
588

588
589
588

588
587
587
587

586
586
585

585
585
585

584
584
584
5
84
583
583
58
3
582
582
58
2
582
583
583

583
584
584

584
585
585

585
585
585

585
584
584
5
83
582
582
58
2
582
582
581

581
581
580

580
580
580

580
579
580
580

580
580
581

582
582
583

584
584
584
5
84
583
583
58
3
582
581
58
0
579
578
577

575
575
574

574
574
575

577
578
580

581
581
581
5
82
582
583
58
3
584
585
585

585
585
585
58
5
586
586
586

585
586
586

586
586
585

585
586
586

586
586
586
5
86
586
586
58
5
585
585
585

585
585
585

585
585
585

584
584
583

582
582
582
5
81
581
580
5
80
580
581
57
9
579
579
578
57
8
576
576
57
5
575
574
573

573
573
572

571
571
570

570
570
570

570
570
570
5
71
571
571
57
2
573
573
574

575
575
576

577
578
577

578
577
577

577
576
576
5
76
577
577
5
76
576
576
57
5
575
574
573

573
573
572
572

573
573
573

574
575
575

577
578
579

580
581
582
5
82
583
583
5
85
585
586
58
7
587
587
588

589
589
589

589
589
589

589
589
589
588

588
588
5
88
588
588
5
89
589
589
58
9
590
590
590

591
591
591
591

592
591
591

591
591
590

588
588
587

586
586
585
5
84
583
582
5
81
580
579
57
9
578
578
579

579
580
581

582
584
585

586
588
589

590
592
593
5
94
595
597
59
8
599
599
59
9
600
600
599

599
600
599
599

598
597
597

597
596
595

595
595
594

594
594
594
5
94
595
595
5
95
596
597
59
6
597
597
597

596
597
597

596
597
596

595
595
595

595
595
595
5
95
595
595
59
5
595
596
596
5
96
596
596
59
6
597
596
596

596
596
596

595
596
596

595
595
595

595
596
596
5
96
596
596
59
7
597
597
59
7
597
597
597

597
598
598

597
598
596

596
596
596

596
596
595
5
96
596
596
59
6
596
596
59
6
597
597
597
59
7
598
598
599

599
600
601

601
602
602

602
603
603

603
603
603
6
02
602
601
60
0
600
600
59
9
598
597
596

595
595
593

592
592
591

590
589
589

588
588
587
5
87
587
587
587
5
88
588
588
58
9
589
589
58
9
590
589
589

589
590
590

589
589
589

588
588
588

587
587
587
5
86
586
586
58
5
585
584
58
4
585
584
584

584
585
585

585
585
585

585
584
584

583
583
583
5
82
581
581
58
0
580
579
578
57
8
577
576
57
5
577
577
576

576
577
578

578
580
581

582
583
584

584
585
585
5
86
586
587
58
8
589
590
591

591
590
591

590
591
591

590
590
590

589
589
587
5
87
587
586
587

587
587
586
5
86
586
585
58
4
584
582
58
2
581
581
581

581
580
581

581
580
580

579
579
578

577
577
576
5
76
575
575
57
5
575
575
574

574
574
573

573
574
574

574
575
575

576
578
579
5
80
582
582
584

585
587
588
5
89
590
590
59
1
591
591
591

592
592
591

591
591
590

589
587
586

584
581
580
5
79
578
576
5
76
575
574
57
4
574
573
573

573
574
573

574
575
575

576
576
577

579
580
581
582

583
584
584

585
585
586
5
87
587
588
58
8
588
588
588

588
588
587

586
586
586

585
584
583

582
582
582
5
81
581
580
5
80
581
580
58
0
581
581
581
58
2
583
583

584
584
584

584
584
584
584

583
583
582

581
581
580

579
578
576
5
76
575
574
57
3
572
571
571

571
571
570

571
572
572

573
574
575

576
577
578
5
79
581
582
5
83
584
584
58
5
587
588
588

589
589
589

589
590
589
589

588
589
588

588
587
587

586
585
585
5
85
585
585
5
85
585
585
58
4
585
585
586

586
586
587

587
588
587

587
588
588

588
589
589
5
89
589
589
58
9
589
588
58
7
587
587
586
58
6
584
583

582
582
582
581

581
582
582

584
585
586

588
590
592
5
94
596
598
6
00
601
602
60
3
605
606
606

607
607
607

607
608
606

606
605
604

602
601
599
5
98
597
596
59
5
594
593
59
3
593
593
592
59
2
592
593

593
594
594
594

594
594
595

595
595
597

597
598
598
5
98
599
599
5
99
598
596
59
4
594
593
591

591
590
589

589
588
588

587
586
586

586
587
587
5
87
588
588
58
9
590
590
59
1
593
594
595

597
598
599

599
601
601
601

601
600
599

599
597
597

597
596
596
5
95
593
592
59
1
592
590
58
8
587
586
586

585
584
583

583
583
582

580
581
581

581
584
586
5
86
587
588
59
0
591
590
591

592
593
594

594
595
596
596

596
596
597

598
598
599

600
600
600

600
600
601
6
01
601
601
60
2
602
602
60
2
603
603
604

604
604
604

604
605
604

604
603
602

601
599
598
5
97
595
593
59
1
589
588
586

585
584
583
58
2
582
582
582

583
585
585

586
588
589

590
591
593

595
597
599
6
00
600
601
60
2
603
604
605

605
606
606

606
606
605

604
603
602

600
599
598

596
594
593
5
92
591
590
588
5
88
587
586
58
6
586
586
58
7
588
589
589

590
592
593

594
596
597

599
600
602

603
604
605
6
07
608
608
60
9
609
610
609

609
609
608

607
607
606

605
604
603

602
602
602
6
01
600
600
5
99
599
598
598
5
97
597
596
59
6
596
595
59
5
595
595
595

595
595
595

595
595
596

596
596
597

596
597
597
5
97
596
596
59
6
596
595
595

595
594
593

592
593
592

592
592
592

593
592
593
5
93
594
594
594

595
595
59
6
598
598
599
59
9
600
600
600

600
599
599

598
598
596

595
593
593

591
590
589
5
88
587
586
5
85
584
583
58
2
582
581
581

581
581
580

580
580
581

580
580
580

579
579
579
5
79
578
578
57
9
578
578
57
8
579
579
580
58
1
582
583
583

585
586
587

590
591
592

594
595
597

598
599
599
6
00
600
601
6
01
601
601
60
2
602
602
603

603
603
602
603

602
603

602
602
602
601

601
600
600

600
599
59
9
599
598
59
7
598
597
597
59
7
598
598
597

598
599
599

599
599
600

600
601
601

602
602
602
6
03
602
601
6
02
601
601
60
0
601
600
600

600
601
600

600
600
600

600
600
600

600
599
599
6
00
600
600
60
0
600
599
598
5
99
598
598
59
8
598
598
597

597
598
597

597
597
597

596
596
596

596
595
594
5
94
594
593
59
2
592
592
59
2
592
592
592

593
593
593

594
594
594

595
595
596

596
597
597
5
97
598
598
598
5
99
600
600
6
01
602
602
60
2
602
602
601

601
600
600

599
598
597

596
595
594

594
594
594
5
95
595
596
59
7
597
599
60
0
601
602
603

605
606
607

608
610
610

611
611
612

612
613
614
615

616
617
617
6
17
616
615
61
5
614
614
61
3
613
612
612

612
611
610

610
609
609

609
607
607

606
606
605
6
05
604
604
60
4
604
605
60
5
606
606
606

606
608
608
608

608
608
607

607
608
607

607
607
607

607
607
606
6
06
606
605
60
5
605
605
60
5
604
604
603

602
601
601

600
600
599

599
598
598

598
598
598
5
98
598
598
59
7
597
597
597

597
597
597
59
7
598
598

599
599
600

600
600
600
600

600
600
600

599
599
598
5
98
598
597
59
8
598
598
59
8
598
598
598

598
599
599

600
601
602

602
603
603

604
604
603
6
04
604
605
60
5
605
606
606

607
607
607

607
607
607

608
608
608
608

609
609
609

610
610
610

611
611
611
6
12
612
611
61
1
611
610
609

609
609
608

608
608
607

606
605
605

604
603
603
6
03
603
603
6
04
604
604
60
3
603
604
604

605
605
605

606
606
607
608

607
609

609
608
608
608

607
607
607

606
606
604
6
04
604
602
60
0
599
597
596

596
596
596

596
596
597

598
598
599

599
599
601
6
01
602
603
6
05
606
607
60
8
609
610
609

611
611
612

612
613
614

614
613
613

613
613
613
613

613
613
613
6
14
614
613
6
14
613
613
61
3
613
612
612

613
613
613

612
612
611

611
610
611

611
611
611
6
11
611
611
6
12
612
613
61
2
612
612
611

610
609
607

607
607
608
608

608
609
609

609
609
609

609
607
605
6
03
601
600
6
00
599
600
60
1
603
603
605

606
607
608

609
610
610

609
609
609

609
609
609
6
09
609
608
60
8
608
608
60
9
609
608
608

607
607
606

606
607
606
606

606
605
604

603
601
601

600
598
598
5
97
596
595
5
96
595
594
59
5
595
596
596

597
597
597

598
599
600

600
601
601

601
600
599
5
98
597
598
59
9
600
600
60
2
602
604
605
60
6
607
608
609

609
609
609

609
610
610

610
610
610

609
609
608
6
07
606
605
60
4
602
601
59
9
598
596
595

594
594
593

591
591
590

589
588
587

587
586
585
5
85
585
585
58
5
585
585
58
5
585
585
585

585
585
585
585

584
584
584

583
584
585

585
587
588

589
590
590
5
91
592
592
59
3
593
593
59
3
593
592
592

591
591
590

589
588
588

587
587
586

586
585
585
5
85
584
583
58
4
583
582
581
5
81
580
580

580
581
581
582

582
582
582

583
583
584

584
584
584

584
583
583
5
83
581
579
57
7
575
573
57
0
570
571
572

573
575
577

578
580
581

583
584
584

584
585
585
5
87
587
589
589
5
90
591
591
59
1
592
592
59
1
591
590
589

588
587
587

587
588
589

590
592
593

594
594
595
5
95
595
595
59
5
595
595
594

594
593
592

592
592
591

590
589
589

590
591
592
5
92
592
591
5
90
588
586
586
5
85
583
581
58
0
580
579
57
7
577
577
578

577
576
576

576
576
577

578
579
580

582
584
585
5
88
590
591
59
3
594
595
596

597
597
597

598
598
599

599
599
599

597
597
596
5
95
595
593
592

591
590
588
5
88
588
587
58
7
588
588
588

590
590
592

593
594
594

593
592
591

590
590
590

589
588
586
5
87
585
583
58
1
579
577
576

576
576
575

575
576
576

576
577
577

577
577
577
577

577
576
5
77
576
576
576
5
76
577
577

578
579
579
580

581
581
581

580
582
582

583
583
583

584
584
584
5
84
584
584
5
83
584
584
58
4
583
583
583

584
584
584

584
584
584

584
583
583
582

582
581
5
81
581
580
581

580
580
580
5
80
580
580
58
0
581
580
579

579
579
579

579
580
580

579
579
579

578
578
578
5
78
578
578
5
78
577
577
57
7
578
578
577

578
578
578

578
579
579

579
578
579

579
579
579
579
579
579
58
0
5
79
579
579
5
79
579
578
57
8
578
578
578

579
578
578

578
578
578

578
578
578

578
578
578
5
78
579
579
5
79
578
578
57
8
578
578
578

578
578
579

578
579
579
579

579
580
580

580
581
581

581
581
581
5
80
580
579
5
80
580
580
58
0
581
581
582

583
583
583

584
584
585

584
585
585

585
585
585
5
85
584
584
58
4
584
584
58
3
583
582
582

582
582
582

581
582
582

583
583
584

585
586
587
588

588
589
590
5
90
591
591
5
92
592
592
59
2
593
594
594

594
594
594

594
593
593

593
592
593

593
593
594
5
94
594
595
59
6
596
597
59
7
598
599
599

600
601
601

601
602
603
603

603
603
603

602
600
600

598
597
595
5
94
593
591
59
0
588
586
58
4
583
581
580

580
578
578

576
576
576

576
576
577

577
578
578
5
78
578
578
57
8
578
577
578

579
578
578

578
579
579

579
580
581
581

582
583
583

583
583
585

586
585
586
5
86
586
587
58
8
588
588
58
8
588
587
588

588
588
588

587
588
588

588
588
588

588
587
586
5
86
586
585
58
5
585
584
584

583
583
582

581
581
580
580

580
580
579

579
579
579

578
578
579

578
578
578
5
77
577
577
57
6
576
575
57
6
575
575
575

575
576
576

577
577
578

578
578
578

578
578
577
5
78
577
577
57
7
577
577
578

579
579
579
57
9
581
581
581

582
583
583

584
585
585

586
586
587

587
586
586
5
86
585
584
58
4
584
584
584

583
584
583

583
583
582

582
581
581

580
580
580
5
80
580
580
5
81
581
581
58
2
583
582
582

582
581
580

580
580
579

578
578
577

577
577
577
577

578
577
577

577
577
577
5
78
578
578
57
8
579
579
580

581
581
582

582
582
582

581
579
577

576
575
575
5
74
574
572
5
71
572
572
57
2
573
573
573
57
4
575
575
576

577
577
577

577
577
577

577
577
577

577
577
577
5
77
578
578
5
78
578
578
57
8
578
577
577

577
577
577

578
580
581

582
582
583

583
583
583
584

584
584
5
86
585
585
58
5
586
586
587
58
7
588
588
588

590
591
592

593
594
594

594
593
594

594
594
594
5
93
593
593
5
93
593
593
59
3
594
594
594

595
597
597

598
599
599

598
599
599

599
599
598
5
98
597
597
59
7
596
596
595
5
94
594
593
59
3
593
593
593

594
593
592

594
594
594

595
595
596

596
597
598
5
98
599
600
6
01
602
601
60
0
599
599
598

598
598
602

613
616
616

614
608
588

561
548
546
5
49
553
557
560
5
60
564
57
1
571
572
575
57
8
579
579
580

582
582
581

584
587
587

589
591
592

590
587
584
5
81
577
573
56
9
565
560
55
6
554
552
551

549
548
548

547
547
547

547
547
548

547
547
547
547

547
546
54
7
549
550
550
5
50
553
555
55
6
557
559
561

564
567
570

573
575
577

580
583
587

590
591
593
5
95
596
596
59
7
598
599
59
9
600
599
599

600
601
603

604
607
609

611
612
615

615
617
618
6
18
617
615
612
6
11
611
612
61
4
615
614
61
5
616
616
617

617
617
617

618
619
620

620
620
622

622
622
623
6
24
624
623
62
3
623
622
62
2
622
621
621

620
621
621

622
622
623

623
623
624

626
626
625
6
24
623
621
620
6
21
621
600
36
4
177
254
25
3
177
105
289

495
446
641

717
772
794

879
912
912

912
912
912
9
12
912
912
88
7
855
824
793

763
734
708

683
659
638

621
605
590

578
569
561
553

551
550
550

551
554
558
5
61
558
572
58
4
593
600
60
2
604
605
605

605
606
606

606
605
604

604
604
605

605
606
607
6
09
610
611
61
3
615
616
617

620
621
621

622
623
622

621
621
621

619
618
618
6
18
618
617
617

617
616
616
6
16
616
617
61
8
618
620
620

621
622
623

623
624
627

626
625
626

627
627
626

627
628
627
6
28
628
627
62
7
627
626
626

625
625
625

625
624
625

625
624
625

625
626
627
6
27
629
630
631

631
632
632
6
32
632
632
63
2
632
632
632

631
630
630

629
629
627

626
625
624

624
623
623
6
23
623
624
6
26
627
628
63
0
632
634
635

637
638
638

639
640
641

642
644
645
646

647
648
649

649
649
648

632
617
617
6
21
623
625
62
7
628
630
631

633
635
636

636
638
638

638
638
639

639
639
640
6
41
641
641
6
41
641
642
64
2
642
643
643

643
643
642
642

642
642

641
640
640
639

638
639
639

639
639
639
6
39
638
637
6
38
639
639
64
0
640
641
642

644
644
646

646
647
646

648
647
647

647
647
647
6
47
647
648
64
8
648
649
64
9
650
650
650

650
650
649

650
650
651
651

652
652
652

653
654
654

655
654
654
6
54
655
655
6
55
655
654
65
4
654
655
655

655
655
654

654
655
654

654
654
655

655
653
653
6
51
649
649
65
1
652
653
65
4
655
656
656

656
656
657

657
657
658
657

656
656
655

655
653
653

652
651
650
6
50
650
650
6
50
650
650
64
9
649
650
651

651
651
651

652
653
652

653
653
653

653
654
654
6
54
654
654
65
4
655
656
65
5
655
655
656

654
654
653

653
653
654
654

654
654
653

653
653
653

653
653
653
6
53
653
652
65
2
652
653
65
3
653
653
653

654
655
655

655
655
655

654
654
653

653
653
652
6
53
653
653
65
3
653
652
652

652
653
652
65
2
652
651
651

651
652
651

651
651
651

651
650
650

649
648
647
6
46
645
644
64
4
644
644
64
4
645
646
645

645
646
645

645
645
645

644
644
644

644
644
644
6
44
644
645
64
5
645
646
646

647
647
647
64
7
648
648
648

647
648
647

647
647
646

646
647
647

647
647
646
6
46
646
646
64
5
645
644
64
4
645
645
645

645
646
646

646
646
646

646
646
646

646
646
646
6
47
646
647
64
6
647
648
648

648
649
649

649
650
650
650

650
650
649

649
648
648

647
647
647

647
646
646
6
46
645
644
64
4
644
644
644

645
645
645

645
646
647

647
648
649

650
650
651
6
52
652
652
6
52
653
653
652
6
53
653
653
65
3
653
653

652
651
651
649

648
647
646

645
644
643

643
642
642

641
641
641
6
41
640
641
64
1
641
641
641

642
642
641

641
641
641

640
640
640

641
641
643
6
44
644
645
6
46
646
646
64
6
647
648
649

649
650
650
651

651
650
650

650
650
649

648
648
646

643
639
634
6
27
626
623
6
23
623
623
62
4
623
622
622

625
626
626

625
625
625

626
627
629

631
633
636
6
39
642
644
6
46
649
651
651
6
53
652
652
65
1
651
649
647

647
646
645

643
642
642

641
642
642

643
644
644
6
44
642
639
6
38
637
635
63
6
639
640
645

649
649
646

644
630
620

621
626
626

628
624
617
6
14
615
618
618
6
16
619
623
6
25
626
629
63
4
639
642
646

649
650
649

648
647
646

646
646
645

644
643
642
6
41
640
641
6
43
643
643
64
2
642
643
645

646
645
640

636
638
638

637
630
626

621
612
617
6
29
641
645
648
6
48
646
645
6
45
643
641
64
0
639
638
636

634
633
632

631
631
631

630
630
631

630
630
631
6
32
633
633
63
6
636
637
63
6
637
637
638

638
639
639

639
639
639

640
640
639

640
640
640
641

640
640
639
6
39
640
640
6
40
640
639
63
7
637
637
637

638
638
638

638
639
639

640
640
640

641
640
640
6
40
640
640
64
0
641
641
64
1
642
643
643

643
643
643

645
645
646

646
646
646
644

644
643
644

643
641
640
6
39
638
637
63
7
635
635
63
4
634
633
633

632
632
632

632
632
632

631
631
633

633
633
633
6
34
633
633
63
3
634
633
63
3
633
633
633
63
2
632
632

632
633
633
633

633
634

634
634
635
637

637
637
638
6
38
639
638
63
9
639
639
63
8
638
638
638

638
638
638

638
638
638

637
637
636

635
635
635
6
36
636
636
63
5
635
635
635

635
635
634

634
634
633
632

632
631

630
630
629
629

628
628
628

628
629
629
6
29
629
630
63
0
631
631
63
2
633
634
634

634
635
635

636
636
637

636
634
632

631
630
629
6
27
626
625
62
4
624
625
625

625
626
626

626
628
627

627
627
627

627
627
627
626

626
626
627

628
628
628
6
29
629
628
62
8
629
627
627

627
628
628

629
630
631

631
631
632

632
633
633
6
33
634
634
6
35
635
634
63
5
635
635
635

635
635
636

635
636
636
635

634
635
634

635
635
634

634
634
634

634
634
634
6
35
636
636
63
5
636
636
636

637
637
636

636
636
636

636
636
636

635
635
635
6
35
635
635
6
35
635
634
63
4
634
635
635

635
636
636

636
636
636
636

635
636
636

636
636
636

636
636
637

638
637
637
6
37
636
635
63
3
632
631
629

629
628
628

628
630
632

633
634
635

634
634
634
6
34
634
634
6
34
634
632
63
1
631
629
628
62
7
626
625

625
626
626
627

626
627
627

627
627
628

627
627
627
6
27
628
627
6
27
627
627
62
7
627
626
625

626
625
626

626
626
626

626
627
628

629
630
629
6
29
629
629
62
9
629
628
62
8
628
629
629
62
9
629
629

628
628
628
628

628
629
629

629
628
628

628
628
628
6
28
628
628
6
28
629
629
62
9
631
631
631

632
632
633

633
634
634

633
633
633

632
632
632
6
33
633
633
63
3
633
633
63
3
633
633
632
63
1
632
631
631

630
631
631

631
632
633

633
634
635

636
637
638
6
39
640
641
6
42
642
642
64
3
643
644
643

644
643
643

643
643
641

642
641
640

639
639
638
6
37
636
635
63
4
635
634
63
4
633
633
633
63
2
632
632
631

632
632
632

633
634
634

634
634
635

635
635
636
6
37
637
637
63
8
639
640
64
0
641
641
642

643
643
644

643
643
642

641
641
641

641
640
640
6
40
639
638
63
7
637
635
635
6
35
634
633
63
2
632
632
632

633
633
633

634
634
634

634
635
635

636
636
636
6
37
637
636
63
7
637
638
63
8
639
639
640

640
641
642

642
641
641

640
639
639

639
639
639
6
39
639
640
639
6
39
639
638
63
8
638
637
63
8
638
637
637

637
637
637

638
638
637

638
638
638

638
638
638
6
38
639
639
64
0
640
641
641

642
641
641

640
640
639

638
637
637

636
636
636

635
635
635
6
34
634
633
63
2
632
631
631
63
0
631
631
63
1
632
633
634

635
636
637

638
641
642

645
646
647

648
648
647
6
48
648
647
64
7
647
645
646

648
648
647

645
645
644

644
643
643

643
643
642
642

643
642
6
42
642
642
642
6
41
641
640
63
9
638
638
63
8
638
639
639

639
640
640

640
639
639

639
639
639

638
638
638
6
38
639
639
63
8
638
638
638

639
639
639

640
643
646

647
648
648

648
648
649
6
49
650
650
6
51
650
650
650
6
50
650
649
64
9
648
647
648

648
648
647

648
648
647

646
646
647

647
646
646
6
46
646
645
6
46
646
646
64
7
648
648
648

648
647
646

645
643
643

642
643
642

643
644
646
649

651
651
6
51
652
653
654
6
56
657
657
65
6
656
656
656

655
654
652

652
651
651

650
651
651

651
651
652
6
52
652
652
6
53
653
653
65
2
653
653
653

653
653
653

652
653
652

652
652
652
651

652
652
651

652
651
651
6
51
651
651
6
51
651
651
65
1
651
651
651

650
650
650

650
650
649

649
649
649

648
648
648
6
48
647
648
6
48
648
648
64
7
648
648
648

648
648
648

647
646
646

646
645
646
645

644
644
644

643
642
642
6
41
639
638
6
36
636
635
63
4
635
634
633

633
633
633

632
632
632

632
632
633

633
633
634
6
35
635
635
63
5
635
635
63
5
634
634
634

632
632
632

631
630
629
628

626
626
625

625
624
624

624
624
623
6
23
623
623
6
24
624
624
62
3
624
625
626

627
627
628

629
629
630

630
631
632

631
631
631
6
31
631
631
63
1
630
630
62
9
629
628
627

627
626
626

625
626
626

625
625
626
626

626
626
626

626
626
627
6
28
628
629
63
0
630
631
63
1
632
631
630

630
631
631

631
632
631

631
631
632

631
631
630
6
31
630
630
62
9
630
629
62
9
630
630
630

630
631
630

630
630
631
631

631
631

631
631
630
631

632
632
632
6
32
633
634
63
4
634
634
63
4
635
635
635

635
635
636

636
637
637

637
638
638

638
639
639
6
39
640
641
64
2
642
641
641

641
641
640

640
640
640

639
639
640
639

640
640
640

640
641
641

641
642
642
6
44
644
645
64
6
645
646
64
6
646
646
645

645
645
645

644
644
644

644
644
644

644
643
643
6
42
641
640
640
6
40
640
639

639
639
639

638
639
640

640
640
641

642
641
642
642

642
642
642

643
642
641
6
42
641
640
64
1
641
641
641

642
642
642

642
643
643

643
642
642

642
641
641
6
40
640
640
6
40
639
639
63
8
638
638
636

636
636
635
63
6
635
635
635

634
634
634

634
635
634

634
634
634

634
634
634
6
35
635
635
63
5
635
635
635

636
635
635

636
637
637

637
637
638

638
638
639
6
39
640
640
6
41
641
641
64
1
641
640
641
64
2
641
641
640

641
641
640

639
640
639

639
638
639

638
638
638

639
638
638
6
38
637
637
63
7
638
638
638

638
639
639

640
641
641

641
641
641

642
642
643
6
43
644
644
6
44
645
645
645
6
46
646
646

646
646
645
645

646
646
646

646
646
646

646
646
645

645
645
645
6
45
645
645
6
45
646
646
64
6
645
645
645

646
646
646

646
646
646

646
646
646

646
646
646
6
45
645
645
645

646
645
64
5
646
646
645

645
645
645
644

644
644
644

643
643
643

642
642
641

640
638
639
6
38
637
636
6
36
637
637
63
7
638
639
638

639
641
641

641
642
642

642
641
642

642
642
642
6
42
641
640
64
0
640
640
639
6
39
639
638
63
8
638
639
639

639
638
639

639
639
638

638
638
638

638
638
638
6
38
638
638
63
8
638
638
63
8
637
638
638

637
638
637

639
639
639

639
639
639
638

638
638
638

638
638
638
6
38
637
63
7
636
636
636

635
636
637
637

638
638
638

638
639
638

639
639
640

640
642
642
6
44
644
645
64
6
647
648
64
8
648
648
648

648
648
647

647
647
646

646
646
646

646
645
645
6
45
644
644
643
6
43
643
642
6
42
642
641
64
1
641
641
641

642
643
644

643
645
645

646
646
647

647
647
647
6
49
649
649
65
0
650
650
65
0
650
651
652

651
651
650

650
649
649

648
648
648

647
647
647
6
46
646
646
646
6
45
645
645
64
5
644
644
64
3
643
642
643

643
644
644

644
645
646

646
647
647

648
649
649
6
50
649
650
65
0
650
650
651

651
650
650

649
649
649

647
647
647

646
646
647
648

647
647
647

647
646
646
6
47
646
646
64
7
646
646
64
6
646
646
646

645
645
645

644
643
644

643
643
642

642
642
640
6
41
640
640
63
9
639
639
638

639
639
640

640
641
641

641
642
642

642
642
641
641

641
640
640

640
639
639
6
39
639
639
63
8
637
638
63
8
637
637
638

637
636
636

636
636
636

636
636
636

636
636
636
6
37
637
638
63
8
639
639
639

640
640
640

640
640
640

640
640
640

641
641
641
642

641
641
641

640
640
640
6
41
640
640
64
0
639
639
640

641
641
641

640
641
641

641
641
642

642
641
642
6
42
642
641
6
42
642
641
64
1
641
641
640

640
641
640

640
640
640
640

640
641

640
640
640
640

640
640
639

641
642
642
6
43
644
644
64
5
645
645
646

645
646
647

646
646
647

647
647
646

646
645
644
6
44
643
643
6
43
643
643
64
2
642
642
642

642
642
642

642
643
643

643
644
644
644

644
644
644

644
644
644
6
43
643
643
6
44
643
642
64
2
643
642
642

643
642
642

642
642
642

643
642
643

643
642
643
6
43
643
642
6
43
643
642
64
3
643
644
643

643
644
645

645
645
645
644

644
645
644

644
644
644

644
643
643
6
43
643
644
6
44
645
644
64
4
644
644
643

642
642
642

641
641
640

640
640
641

641
641
640
6
40
640
640
64
0
640
640
63
9
639
638
638

638
639
639
639

639
638

639
639
639
639

640
639
639

639
639
638
6
38
638
638
6
37
637
637
63
6
636
636
636

635
634
633

633
633
632

631
631
631

632
632
632
6
32
631
631
63
1
631
631
63
1
631
630
629
62
9
630
629

629
629
629

629
629
629
629

628
629
630

630
629
629
6
29
629
628
62
8
629
628
62
9
629
629
630

630
630
630

630
631
632

632
632
633

634
634
634
635

636
636
63
7
636
637
63
7
637
638
638
63
8
638
638
638

637
637
637

636
636
636

635
634
635

634
635
635
6
35
636
636
63
6
636
637
63
7
637
638
638

639
639
641

642
642
643

643
643
643

642
642
641
6
41
641
640
64
0
640
639
638

638
637
636
63
6
636
635
634

634
635
635

635
636
636

637
637
637

637
638
638
6
38
639
639
63
9
640
640
64
0
640
640
639

638
639
638

638
639
639

639
639
639

639
640
639
6
40
640
640
64
0
639
639
637

637
637
637

636
636
636
636

635
636
636

635
636
636

635
635
635

635
635
633
6
34
634
633
63
3
633
633
633

633
633
633

632
632
632

631
632
632

631
631
630
6
29
629
628
6
27
626
626
62
6
625
625
625

625
625
624
62
5
625
625
625

625
625
625

624
624
624

623
623
623

622
621
621
6
21
620
620
62
1
622
622
622

623
622
622

622
622
622

622
622
623

621
620
620
6
20
619
619
6
19
619
619
620
6
22
621
621
62
0
620
619
619

620
620
619

619
619
620

621
621
622

621
620
621

623
624
623
6
24
623
622
61
9
618
616
615

616
618
619

619
621
622

622
621
621

621
622
622
6
22
623
622
6
22
622
622
62
2
622
621
622
62
1
621
621
621

621
620
620

620
621
620

621
621
621

621
621
622
6
21
621
622
6
22
622
622
62
3
624
624
625

626
625
625

625
626
626

625
625
626

626
626
626
6
26
626
626
62
6
626
626
626
6
27
627
626
62
6
626
626
626

626
627
626

626
626
625

625
624
624

624
624
625
6
25
625
625
6
25
625
625
62
5
625
625
624

623
623
622

622
622
622

622
622
622

622
622
621
6
22
623
623
62
2
621
620
62
1
622
621
621
62
1
622
622
622

623
623
623

623
622
623

623
622
622

622
622
620
6
20
620
619
6
19
618
617
61
7
616
616
615

615
615
615

614
614
614

614
614
614
613

612
611
611

610
609
609
6
09
607
607
6
08
608
608
60
9
611
610
611

612
613
614

615
615
615

616
617
618

619
619
619
6
19
619
619
61
9
619
618
61
8
619
619
618

619
619
619

619
619
619

618
618
619
619

619
619
619

620
620
619
6
20
619
619
6
18
618
618
61
7
616
617
616

616
617
617

617
617
617

617
616
616

616
616
615
6
16
616
618
61
9
620
620
61
9
620
619
618

618
617
616

615
615
614

613
613
612
611

610
609
608

607
606
605
6
05
603
603
60
4
603
603
60
2
603
602
601

600
600
598

598
598
597

596
596
595

592
591
589
5
87
585
583
58
2
580
578
576

575
572
569

567
565
563
560

559
558
555

554
553

551
550
549
549

550
549
550
5
51
552
552
55
3
555
556
55
6
557
558
558

559
559
559

559
560
561

561
560
561

561
561
561
5
61
561
560
55
9
559
558
558

558
558
558

558
559
559

559
559
559
559

559
559
558

558
557
556

556
556
555
5
55
555
555
55
4
553
553
55
2
553
552
553

552
552
552

552
551
551

551
551
551

551
551
551
5
51
551
551
55
2
552
553
553

554
554
554

554
555
554
554

554
554
553

553
554
554

553
553
553

553
553
553
5
54
554
555
55
5
555
555
555

555
555
555

553
554
554

553
553
554

553
553
553
5
53
553
552
5
52
553
553
55
2
551
551
551

551
552
552
55
3
553
555

556
556
557
558

558
559
559

560
560
560

560
560
560
5
60
560
561
56
0
560
560
560

560
560
560

559
559
558

558
560
562

562
561
561
5
59
560
561
5
60
559
559
55
8
556
554
554

555
554
553
552

552
551
550

550
552
553

553
553
554

553
552
553
5
53
554
555
5
55
553
551
55
2
552
552
552

554
555
554

554
554
554

553
553
554

554
553
554
5
55
554
554
5
54
554
553
55
2
551
550
550
55
0
550
550

550
551
552
552

552
553
553

553
554
555

555
555
555
5
55
555
554
5
55
555
555
55
5
555
555
555

554
554
554

553
553
553

553
554
555

555
556
556
5
56
556
557
55
7
557
558
55
8
559
559
559

558
557
557
558

559
560
561

561
561
561

560
560
559

559
559
559
5
59
559
559
5
60
559
558
55
8
558
558
558

558
558
557

557
557
557

556
555
556

556
556
556
5
57
556
556
55
5
556
554
55
4
555
553
553
55
3
552
551
551

551
551
550

550
550
550

550
549
550

550
549
549
5
50
550
549
55
0
551
551
55
0
551
551
551

551
551
552

552
553
553

553
552
552

552
553
552
5
53
552
552
552
5
49
548
54
8
550
550
551
55
2
553
555
555

555
555
554

554
553
553

551
550
547

540
536
535
5
38
541
544
54
7
546
547
53
6
537
543
550

554
560
561

562
565
568

571
573
574

574
575
576
5
76
574
572
57
1
570
568
568
5
68
566
564
56
2
560
557
554

556
557
555

548
548
545

543
543
545

548
549
550
5
52
552
553
55
4
555
555
55
6
557
557
556

554
554
552

554
556
556

559
563
565

566
566
565
5
64
562
560
55
8
557
556
554
55
2
549
547
54
5
545
544
544

543
543
540

539
539
538

540
543
542

541
542
544
5
48
553
557
55
8
559
561
561

562
562
562

561
560
560

561
564
561

558
556
555
552

541
534
5
09
499
497
511
5
21
529
537
54
5
551
556
56
2
567
571
574

578
583
585

591
593
594

597
598
594

592
589
586
5
84
581
577
57
4
572
569
566

565
562
560

559
559
559

560
561
564

567
571
574
5
75
578
577
577

577
577
579
5
81
579
577
57
9
578
575
573

571
568
565

563
562
560

558
557
556

555
554
554

554
553
553
5
54
554
555
55
6
557
558
560

561
563
563

565
567
565

561
566
570

566
565
565
5
64
562
560
557

554
553
552
5
51
550
545
53
6
513
491
476

471
471
475

497
523
546

559
567
573

565
538
521
5
18
407
398
5
48
614
627
61
7
649
678
702

728
751
757

759
758
750

739
726
712

697
682
668
654

641
628
616

605
596
588
5
82
577
573
57
0
568
566
565

566
566
567

568
572
573

575
578
581

583
585
586
5
88
589
590
5
90
590
590
58
9
589
588
587

586
585
584

583
582
582

581
580
580

580
580
578
577

576
575
571
5
67
563
559
5
61
563
563
56
2
562
557
552

553
551
560

570
585
599

606
613
619

621
626
629
6
30
631
630
6
30
629
628
62
7
626
624
623

622
620
617

613
610
606

602
598
595
591

587
584
581

578
576
575
5
74
573
573
5
73
572
572
57
1
571
570
569

568
569
568

567
568
568

567
567
567

567
567
567
5
66
566
566
56
6
566
566
56
8
570
572
575

579
584
590

595
603
609
617

624
633
642

651
661
671

680
691
701
7
12
722
732
7
41
750
759
76
7
774
780
786

791
795
799

800
802
802

801
799
797

793
788
781
7
74
766
757
74
7
737
726
71
6
705
695
685

675
666
657

649
641
634
627

620
615
610

606
601
598

595
593
591
5
88
586
584
57
9
574
571
56
7
561
555
550

552
555
557

559
562
563

565
567
569

571
572
573
5
74
575
575
57
7
578
579
58
0
580
582
582

583
584
584

584
585
586
586

584
584
584

583
583
583

582
581
580
5
79
577
576
57
5
575
574
57
3
573
573
573

573
574
574

574
575
575

577
578
581

583
587
590
5
96
603
610
61
9
629
641
653

666
680
693
70
6
721
733

744
754
764

772
778
783
786

788
787
786

786
788
788
7
86
782
776
76
9
760
750
73
9
728
717
706

693
681
668

656
644
631

620
610
601

592
585
577
5
72
566
562
55
8
555
552
550

549
548
547

546
546
547
547

548
549
550

551
551
552

551
551
549

548
547
548
5
49
550
550
55
1
553
553
555

557
559
561

562
564
563

563
562
560

559
556
553
5
50
547
545
5
43
541
539
53
6
534
532
530

528
527
525
52
4
524
523

523
523
524
525

525
526
527

527
528
529

529
530
530
5
30
531
531
53
2
534
536
539

544
549
555

562
570
578

586
596
607

621
634
648
6
60
673
685
6
96
706
715
72
4
731
736
738
73
8
737
734
730

726
721
714

707
700
692

685
678
671

663
656
648

640
632
622
6
15
607
599
59
2
585
578
571

565
560
555

550
547
543

540
537
535

533
531
531
5
31
530
530
5
31
532
532
534
5
36
539
540
54
1
543
543
543

544
544
544

545
545
546

546
547
548

548
549
549
5
49
549
549
5
48
547
546
54
5
545
544
543

542
542
542

542
543
543

543
543
544

544
544
544
5
44
544
544
54
4
544
544
544
5
45
545
545

545
546
546

546
546
546
546

546
545
546

546
547
549

550
553
557
5
60
565
571
5
77
585
593
60
2
613
623
634

646
657
669

679
689
698

705
712
718

721
724
726
7
27
725
723
72
1
717
713
70
8
703
697
691
68
6
680
674
668

661
654
646

638
631
624

616
609
603

596
590
585
5
79
574
568
56
4
561
557
55
3
551
549
547

545
545
545

545
546
548

549
552
554

556
558
560
562

562
564
56
5
566
566
56
6
566
567
566
56
6
565
564
563

562
561
559

557
555
553

551
549
547

546
545
544
5
44
544
543
54
3
543
542
54
2
541
541
540

539
539
539

539
539
539

539
540
541

541
542
542
5
42
542
542
543
5
42
542
544
5
45
546
548
54
9
551
554
556

560
562
564

568
574
581

589
598
608

618
629
640
6
51
661
671
68
1
690
698
70
5
711
715
717

719
720
720

718
716
713

710
706
701
697

689
682
6
74
662
633
59
7
576
561
554
54
9
547
548
54
8
549
553
558

563
566
569

570
570
570

570
568
566

562
560
559
5
60
559
561
56
2
568
564
558

555
552
545

543
544
545

546
545
544

545
547
552

563
580
594
603

607
608
606
6
03
597
592
58
6
579
573
56
8
562
557
553

549
545
541

538
534
531

528
525
524

523
523
522
5
23
524
524
52
5
525
525
526

526
526
526

526
527
527

527
527
528

529
530
531
532

533
533
534

535
537
541
5
45
550
556
56
3
570
577
58
6
596
605
614

622
630
638

644
649
654

657
660
662

663
664
663
6
62
661
659
65
6
653
650
647

643
639
634

630
626
621

616
612
607

601
596
591
587

582
578
573

568
563
559
5
56
551
548
54
4
542
539
537

536
534
533

531
531
530

530
529
530

528
528
530
5
29
529
530
5
30
531
532
53
4
536
536
537

539
540
540

540
540
540

539
539
539
538

538
537
535

534
532
531

529
527
525
5
25
523
523
52
3
523
523
523

525
526
527

527
528
529

529
530
531

532
532
532
5
33
533
533
5
33
533
531
53
0
530
529
528

528
529
530

532
535
539

544
551
560
568

579
589
601

613
624
637
6
48
659
669
6
78
687
693
69
9
703
706
707

709
707
705

701
697
692

686
680
674

667
659
653
6
45
638
630
6
23
614
607
59
9
592
584
576

569
563
556
550

544
539
534

530
526
523

521
519
517

516
515
514
5
13
514
514
5
14
516
517
51
9
521
523
524

527
528
530

530
532
532

533
534
534

533
534
533
5
32
530
529
52
8
527
525
523
5
22
520
518

516
514
512
510

509
507
506

506
506
506

506
508
510

511
512
514
5
16
518
520
5
22
524
525
52
6
527
528
528

529
529
529

529
528
526

525
523
522

520
520
519
5
19
520
521
52
3
525
528
53
2
536
541
547

553
560
568
576

584
592
600

608
616
622

629
635
640

645
649
652
6
54
655
656
65
5
654
652
65
0
647
644
641

637
633
628

622
616
610

602
596
589

582
575
567
5
61
555
548
54
3
538
533
52
9
526
523
520
51
8
516
515
513

512
512
512

512
513
512

512
513
514

515
515
515
5
16
517
518
51
8
518
519
51
8
518
518
517

517
516
515

515
515
514

513
512
512

510
509
509
5
08
508
508
50
9
510
510
510

511
512
512
51
1
510
510
509

509
509
508

508
508
508

508
508
508

509
509
509
5
09
509
510
51
1
511
512
51
3
514
515
516

517
519
521

522
525
527

529
531
533

536
538
541
5
43
546
548
549
5
52
553
554

555
555
556
55
6
555
555
554

553
552
551

550
551
550

549
549
550

549
550
549
5
48
548
549
54
9
549
550
550

550
550
550

549
550
550

551
551
551

550
550
549
5
47
545
543
5
42
541
539
53
8
538
537
536
53
6
536
537
53
7
538
538
539

539
539
539

539
539
539

538
538
538

538
538
538
5
38
538
538
53
7
536
535
534

532
531
530

530
530
530

530
530
530

529
528
528
5
27
528
527
5
27
528
528
52
8
530
529
531
53
1
532
533
534

537
539
541

543
544
546

547
548
549

548
547
547

545
544
542
5
41
540
537
53
7
537
538
540

543
546
550

555
561
566

572
578
583

588
591
594
5
95
597
597
5
98
597
595
59
4
592
589
588
58
6
584
582
579

578
576
574

569
566
562

559
559
559

559
560
562
5
63
565
567
5
70
573
575
57
6
578
579
579

580
578
575

570
554
533

535
541
544

547
554
558
5
61
563
565
56
8
570
572
574
5
75
577
578
57
9
580
580
580

578
575
573

569
567
564

560
557
554

551
548
546
5
44
541
538
5
36
534
532
53
1
531
531
530

530
533
533

533
532
532

534
533
532
531

529
526
5
23
518
509
497
4
83
471
460
4
53
450
452
45
4
460
465
471

478
486
494

502
510
518

527
535
543

551
556
561
5
66
569
571
5
74
575
576
57
6
577
576
575

574
573
570

569
569
569

567
563
560

558
555
550
5
47
543
536
527
5
22
524
526
5
33
537
541
54
4
546
548
551

556
562
567

575
592
610

625
631
633

630
624
616
6
08
600
591
58
4
576
569
56
1
556
551
546

543
541
538

537
536
535

535
535
536

537
539
540
542

544
548
551
5
53
555
556
5
56
554
551
55
0
548
547
547

546
546
545

544
544
543

543
543
543

543
543
542
5
42
542
541
54
3
543
543
54
3
544
544
544

544
545
545
544

543
543

542
541
540
538

537
537
537

537
537
537
5
38
539
540
54
0
542
544
54
5
547
548
550

552
554
556

558
561
563

563
564
563

562
560
557
5
55
553
551
55
0
549
549
549

549
549
548

549
550
551

552
553
554

554
555
555

555
555
556
556

556
557
557
5
57
556
555
55
6
557
559
55
9
559
559
557

556
555
554

553
552
550

548
547
546

544
543
542
5
41
539
534
52
9
524
519
513

504
495
481

473
465
452

438
435
442

452
464
476
488

501
513
525

537
546
554
5
61
565
566
56
6
564
562
55
9
556
554
550

548
546
545

544
544
545

549
555
562

571
577
576
5
75
575
579
58
2
586
590
589

590
587
582

576
572
567
562

557
553
549

544
541
539

537
536
536

537
538
539
5
41
545
547
55
0
555
559
561

564
567
568

569
569
568

567
566
564

562
559
558
5
58
557
556
5
56
556
556
55
6
556
557
557

558
560
560

561
563
563
563

564
564
565

565
565
564

563
563
563

562
561
559
5
59
558
557
55
6
555
554
554

553
553
553

553
553
553

553
553
553

554
554
554
5
54
554
553
5
54
553
552
55
2
551
550
549

548
548
548

547
547
547

546
545
545
545

544
544
545

544
543
544
5
44
544
544
5
45
545
545
54
5
546
545
545

545
545
545

545
544
543

541
541
540

539
538
539
5
40
539
540
5
41
542
543
54
4
546
548
550
55
1
554
555

556
559
560
562

564
565
566

566
567
568

568
568
568
5
68
568
567
5
68
568
568
56
8
569
569
569

569
570
570

570
570
569

568
566
565

564
564
562
5
62
561
560
56
0
559
558
55
8
557
557
556
55
5
555
555
555

554
554
554

554
553
553

552
552
552

551
551
550
5
49
548
547
5
47
546
546
54
5
545
544
545

544
544
543

543
543
543

542
542
542

542
542
542
5
42
542
542
54
2
542
541
541
5
42
543
543
54
3
544
544
545

545
545
545

545
546
546

545
544
544

544
543
543
5
43
542
541
54
1
541
541
54
0
541
541
542

542
544
545

546
548
550

551
553
555

556
558
560
5
62
563
564
56
5
566
567
56
7
567
568
567
56
7
568
567
567

567
567
566

567
567
566

566
565
565

564
563
562
5
62
561
560
56
0
559
558
55
7
556
555
554

553
552
551

551
551
551

550
550
550
550

550
550
5
50
551
550
551
5
51
551
550

551
551
550
54
9
549
548
548

548
548
547

547
547
546

547
546
547

548
548
548
5
48
548
547
54
7
547
546
54
5
545
545
545

545
545
545

545
545
544

544
543
543

543
543
543
543

543
544
54
3
544
544
543

543
543
542
54
2
543
542
543

543
543
542

542
542
541

542
542
542

543
544
546
5
47
549
551
55
2
555
556
557

559
560
561

563
564
565

565
565
566

566
566
566

566
566
566
5
67
567
566
56
6
566
565
565
56
4
564
564
56
3
563
562
562

561
561
560

559
559
558

558
557
557

556
556
555
5
55
555
555
55
5
556
555
555

555
556
555

555
555
555

554
553
552
552

551
551
5
51
551
551
5
51
551
550
550
5
51
551
550
55
0
550
549
54
9
548
548
548

547
548
548

547
547
547

547
547
547

547
547
547
5
48
548
548
54
8
548
548
548

548
548
549

549
549
548

548
548
548

547
547
547
5
46
546
546
546

545
545
545
5
45
544
544
54
4
544
544
545

546
547
548

550
552
554

555
557
559

560
562
563
5
64
565
565
5
66
566
566
56
5
566
566
566

565
564
564

563
563
563

562
562
562
562

562
562
5
62
561
561
561

560
560
559
5
58
557
556
55
6
556
555
554

554
554
553

553
553
554

554
554
554

553
553
552
5
52
551
551
5
50
550
550
55
0
550
550
549

548
548
548

546
547
545
544

544
543

543
543
543
5
43
543
543
543
5
42
542
54
2
542
542
542
54
3
543
543
543

543
544
544

543
544
544

544
543
544

543
543
543
5
43
543
543
5
43
542
542
54
1
541
541
541

541
542
542

541
542
542
541

542
542

542
543
544
546

547
548
552
5
54
555
556
5
57
558
559
55
9
560
560
560

561
561
562

562
562
563

562
562
562

562
561
561
5
60
560
559
55
8
559
558
55
7
558
558
557

557
558
558
557

558
558
558

558
558
557

557
557
557

557
557
557
5
57
557
556
5
56
555
555
55
4
554
553
552

551
550
549

547
545
544

544
543
544

544
544
544
5
45
547
547
54
9
550
551
55
2
553
553
554

553
554
554

553
553
552

551
550
548
546

544
542
542

542
542
542
5
42
542
541
54
1
540
541
54
1
542
544
544

545
546
546

547
547
547

545
544
544

544
543
543
5
42
542
542
54
3
543
543
544

545
545
547

547
549
550
551

552
553
555

556
557
558

559
559
561

562
562
563
5
64
564
564
56
4
563
563
56
3
564
564
564

564
565
565

565
564
563

562
561
561

559
558
557
5
56
556
555
55
5
555
554
555

554
554
554

553
552
552
551

550
550
550

550
549
550

549
548
549

549
549
549
5
49
549
549
54
9
549
548
54
8
548
547
546

545
544
544

543
543
542

541
541
542

542
541
541
5
41
541
540
54
0
541
540
540

541
541
541
54
1
542
542
542

542
542
542

542
542
542

542
542
542

542
542
541
5
41
540
539
53
8
538
537
536

535
534
533

533
533
532

532
532
534

536
539
541
5
44
546
549
5
52
556
558
56
1
562
562
563

563
563
563
56
1
561
560
560

559
558
558

557
557
557

556
556
556

556
555
554
5
54
553
552
55
1
551
550
549

549
548
548

547
547
547

547
547
547

547
547
547
5
46
546
546
5
46
547
547
54
6
546
546
545
54
5
545
545
545

545
545
544

544
544
544

544
544
544

543
543
543
5
43
543
543
5
43
544
544
54
4
545
544
544

544
544
543

543
544
543

543
543
543

543
543
544
5
44
543
543
543

542
541
54
1
541
541
541
54
0
540
540
539

539
539
538

539
539
539

539
539
540

540
540
542
5
43
543
545
5
47
548
549
55
0
552
553
554

556
556
557

558
559
560

561
561
562

563
563
563
5
64
564
564
56
5
565
565
564
5
65
565
564
56
4
564
563
562

562
561
561

560
559
558

557
555
554

554
552
552
5
50
549
548
5
46
546
545
54
5
545
544
544

543
543
544

544
545
545

545
546
546

547
547
547
5
48
548
549
550
5
49
550
549
5
49
549
548
54
7
548
547
546

546
546
544

544
544
544

543
542
542

542
541
541
5
40
540
540
53
9
540
539
53
8
538
538
538

539
539
538

538
538
538

537
537
538

537
537
537
5
37
536
536
53
6
535
534
535
5
34
534
535
53
5
536
537
537

539
540
541

542
544
545

547
548
550

551
554
556
5
57
558
560
56
1
562
563
56
3
563
563
563

563
563
563

562
562
563

561
561
561

560
559
558
5
57
556
555
55
4
553
552
551
5
50
549
548
54
7
546
545
544

543
542
542

542
542
543

543
542
543

543
543
544
5
45
545
546
54
6
546
547
54
6
547
547
547

547
547
547

545
545
545

545
544
545

544
544
544
5
44
543
542
542
5
42
540
540

540
540
541
54
1
540
540
540

540
540
540

539
539
539

538
537
537

536
535
534
5
34
534
534
53
3
534
534
534

534
534
534

534
535
535

535
536
536

536
536
536

537
536
536
537

537
538
539
5
39
541
542
54
3
544
545
54
6
547
548
549

549
550
551

551
552
552

552
552
552

552
552
551
5
51
551
551
55
1
552
552
551

552
551
551

551
550
550

549
549
548

548
547
547
5
47
547
546
5
46
546
545
545
5
46
545
545
54
5
545
545
54
6
547
548
548

548
549
549

549
549
549

550
550
549

549
549
549
5
49
548
548
54
8
548
547
546

546
546
546

546
546
545

545
545
545
545

544
545
5
44
545
544
544

544
544
543
5
44
544
543
54
3
542
542
541

541
541
541

540
541
540

540
540
539

539
538
538
5
38
538
537
5
37
537
537
53
6
537
537
537

539
539
540

540
541
541

543
543
544
546

546
547
548

548
549
550

551
553
553
5
54
554
555
55
5
555
555
555

555
555
554

553
554
552

552
552
551

551
550
550
5
49
549
548
5
47
546
545
54
4
545
545
544

543
542
542

541
541
541

541
541
541
541

541
542
542

541
540
540
5
41
541
541
5
42
542
543
54
3
545
545
545

546
546
546

546
547
546

546
546
545

545
544
544
5
44
543
542
5
41
540
539
53
8
538
537
537

536
536
535

535
534
534

533
533
533
534

534
533
532

532
532
532
5
32
533
532
5
32
533
533
53
4
535
535
535

536
537
536

537
538
538

538
538
539

539
540
541
5
42
543
544
54
6
546
547
54
8
550
552
553

555
556
557
558

558
559

558
559
559
558

558
557
557

556
556
556
5
55
555
555
5
54
554
553
55
3
553
553
552

551
552
552

552
551
551

551
551
551

551
551
551
5
51
551
550
54
9
549
549
54
8
547
547
546

546
546
545
545

545
544
544

544
544
544

544
544
544

544
544
544
5
44
544
544
54
4
544
545
54
4
544
545
545

545
545
544

544
544
543

543
543
543

543
543
542
5
42
541
541
54
1
541
540
539
5
39
539
538
53
8
537
536
536

535
535
535

535
535
535

534
535
535

535
536
536
5
37
538
538
54
0
541
542
54
4
546
548
549

551
552
554

555
556
557

558
559
560

560
561
561
5
61
561
561
56
0
560
560
559

559
559
558
55
7
557
556
556

555
554
554

553
553
552

551
551
549

550
550
549
5
48
547
546
54
5
544
544
54
3
543
542
542

542
543
543

542
542
542

542
542
542

542
542
542
5
42
542
542
542
5
41
541
541
54
0
540
539
53
9
539
539
538

538
537
537

536
536
536

535
535
534

534
534
535
5
35
535
535
53
5
535
535
535

536
535
536

535
535
535

536
535
535

535
535
535
5
35
535
535
5
36
536
536
53
6
536
537
538
53
9
540
540
54
1
541
541
542

542
543
543

544
545
547

547
548
549

549
549
549
5
49
550
551
55
2
552
553
554

555
555
556

556
557
556

556
556
555

554
553
553
5
52
551
550
5
49
548
547
54
6
545
544
543

542
541
541
540

539
538
537

536
536
535

534
534
533

533
533
533

534
534
534
5
34
534
533
53
4
534
534
535

536
537
537

536
537
537

537
537
537

537
538
539
5
39
540
540
5
41
540
540
540
5
40
540
540
54
0
539
539
539

538
538
537

537
537
536

535
535
535

534
534
533
5
33
533
533
5
33
533
532
53
2
532
532
532

533
533
533

533
533
533

534
534
534

536
536
536
5
37
538
539
54
0
541
541
54
2
543
544
545

546
547
548
549

550
551
552

552
553
553

553
554
553

554
554
554
5
54
553
552
5
52
551
551
55
0
550
549
548

548
548
548
547

547
546

546
545
545

544
543
543
5
43
543
542
542
5
42
542
541
5
42
541
541
54
2
542
542
542

542
542
542

542
543
543

543
543
543

544
544
543
5
43
543
543
54
3
542
542
54
1
542
542
541

541
541
540

540
540
539

540
539
540

539
540
538
5
39
539
539
53
9
539
539
538
5
38
539
538
53
8
539
539
539

540
539
540

540
540
539

539
539
539

539
539
538
5
38
539
539
53
9
540
541
54
1
542
543
544

544
545
546
546

548
549

550
551
551

551
552
552
553

553
554
554
5
56
555
555
5
55
555
555
55
4
554
554
554

554
553
552

551
550
550

548
548
547

546
545
544
5
44
543
541
54
1
540
540
54
0
540
539
540

539
539
539

538
538
537
537

536
535

535
535
535
536

536
536
536
5
36
536
536
53
7
537
537
53
8
538
538
538

537
537
536

535
535
535

534
534
534

534
533
533
5
33
533
533
53
3
534
534
533

533
534
534

533
534
534

534
534
534

534
534
535
535

535
534
534

533
533
533
5
32
532
533
53
3
533
533
53
3
533
533
534

535
536
537

538
539
540

542
543
545

547
549
550
5
53
554
555
55
6
557
557
557

558
558
558

557
558
558

558
557
557
557

556
556
555

554
554
553

552
551
550
5
50
549
549
54
8
548
547
54
6
546
546
546

546
546
546

545
546
546

546
546
546

545
546
545
545

544
544
54
4
544
544
543

544
543
543

542
542
541
541

542
543
542

543
543
543

543
543
543

542
542
542
5
41
540
539
53
8
537
536
536

535
535
534

534
533
533

533
533
533

532
532
532
5
32
531
531
5
32
532
532
53
2
533
533
534

533
533
533

533
533
534

534
535
536
536

538
539
540

541
542
544

546
547
548
5
49
550
551
55
2
553
553
554

554
555
556

556
557
557

557
557
557

557
556
556
5
56
554
554
5
53
552
551
55
1
551
550
549

549
548
548

547
547
546
546

545
544
544

544
544
544

543
543
543
5
42
542
542
5
42
542
541
54
0
540
539
539

539
539
538

538
538
538

538
538
538

538
539
539
5
39
539
538
5
38
538
538
53
8
537
536
536

535
535
535
534

536
536
536

536
536
536

536
536
536

536
535
535
5
35
535
535
5
35
534
534
53
4
534
534
533

533
533
532

532
531
530

530
530
530

530
530
530
5
31
532
533
53
4
536
536
53
8
540
541
544
54
5
547
548
550

552
552
554

554
556
556

556
557
558

558
558
558
5
58
558
557
5
58
558
558
55
7
557
556
556

556
556
555

554
554
554

553
553
554

554
553
552
5
52
552
550
55
0
549
549
54
8
548
547
547

547
547
546
546

546
546
546

545
545
545

545
545
545

544
543
543
5
42
542
541
54
2
542
542
54
2
543
543
543

544
543
543

542
541
540

540
539
539

539
539
539
5
39
538
538
53
8
538
538
539
5
39
539
539
53
8
539
539
539

539
539
539

538
538
538

538
537
537

537
536
536
5
36
535
535
53
5
535
535
53
4
535
536
537

538
540
540

542
543
544

546
547
550

551
552
553
5
55
556
556
55
6
557
556
556
5
57
556
556
55
6
555
555
556

556
555
555

555
555
554

553
553
553

552
552
551
5
51
550
549
54
8
548
547
54
5
546
545
544

543
544
543

542
542
542

541
541
542

541
540
540
5
39
539
539
53
9
539
539
540
54
0
540
540
54
0
540
540
539

539
539
538

537
536
536

535
535
534

534
534
533
5
33
532
532
53
2
533
532
532

532
532
533

533
534
534

534
534
534

533
533
534
533

532
532
5
32
533
532
53
2
532
531
532
53
2
532
532
53
2
532
532
532

532
532
532

532
533
533

533
534
535

536
537
538
5
40
541
542
54
4
545
547
548

550
551
551

552
553
554

555
556
556

555
556
555
5
55
555
555
5
56
556
556
55
6
556
555
554
55
4
554
553
552

552
551
550

550
550
549

548
548
547

547
546
546

546
545
544
5
44
544
544
54
3
543
543
542

543
543
542

542
543
542

542
542
542

542
542
542
5
41
542
541
541

541
541
541
5
41
542
541
54
0
540
540
539

540
539
539

539
540
539

539
539
539

538
538
538
5
38
537
536
5
36
535
535
53
4
534
534
534

534
534
534
53
4
534
534

534
535
534

533
532
532
5
32
532
532
53
2
531
531
532
5
34
534
534
53
5
536
537
538

539
540
542

543
545
546

547
549
550

551
551
552
5
53
554
554
5
55
555
556
55
5
555
555
554

554
554
553
552

551
551

550
549
550
548

548
547
546

545
545
545
5
44
544
544
5
44
543
543
54
2
543
542
542

541
541
540

540
540
541

541
540
540

541
540
541
5
41
540
540
5
40
540
540
53
9
539
539
539

538
538
538
536

535
535

534
533
533
533

532
532
532

531
531
531
5
31
531
531
5
31
531
531
53
2
532
533
533

533
534
534

534
535
535

536
535
536

536
536
536
5
36
536
536
53
6
536
536
53
5
536
535
534

534
534
534

533
533
533

533
533
534
534

535
536
538

539
540
543
5
45
546
548
5
49
551
552
55
3
554
554
555

556
556
556

556
557
557

557
558
558

558
558
557
5
56
556
555
55
5
554
553
55
2
552
551
550

550
550
550

549
549
548

548
547
547

547
546
546
546

544
544
543
5
43
543
542
54
2
541
541
54
1
541
540
541

540
541
540

540
540
540

541
540
540

539
538
538
5
38
538
537
53
8
537
537
537

536
536
535

534
535
534
533

532
532
531

531
531
530

530
529
530

530
530
530
5
30
530
530
53
0
530
530
53
0
530
530
531

531
531
532

531
531
531

531
530
530

530
531
530
5
30
530
530
53
0
531
531
532

533
533
534

535
536
537
537

539
540
541

542
544
545

546
548
548

549
550
551
5
53
553
553
55
4
554
554
55
4
554
554
553

553
553
553

552
552
552

552
551
552

551
551
550
5
50
549
549
54
8
549
548
546

546
545
545

545
544
544
543

543
543
542

542
542
542

542
542
543

543
542
543
5
43
543
543
54
3
543
544
544

545
545
544

544
544
544

544
543
543

542
542
542
5
41
541
540
5
40
540
540
53
9
539
538
538
53
8
537
537
53
7
537
537
537

536
536
536

536
536
537

537
536
537

537
536
536
5
36
536
536
53
6
536
536
535

535
535
535

534
535
534

534
534
535

534
535
535
5
35
536
536
5
37
538
539
53
9
541
542
543
54
4
546
547
549

550
551

552
553
553
553

554
554
555

555
555
555
5
55
555
555
5
55
554
553
55
2
552
551
550

549
548
548

547
546
545

545
544
543

542
542
541
5
41
540
540
5
40
539
539
539
5
39
539
538
53
8
538
538
538

538
538
539

540
540
540

540
539
540

540
540
540
5
40
540
540
5
40
540
540
53
9
539
539
538

538
539
539

537
537
537

537
536
536

536
535
535
5
34
534
534
53
4
533
534
534
5
35
536
536
53
6
537
536
536

536
537
537

537
537
537

537
537
538

537
537
538
5
38
537
537
5
36
536
536
53
6
536
536
536

536
537
537

537
539
539

540
541
543

543
544
544
5
45
546
547
548
5
49
550
551
5
52
553
553
55
4
554
554
554

553
553
553

553
553
553

552
552
552

552
552
551
5
50
549
548
54
8
547
547
54
6
546
545
544

543
543
542

541
541
541

541
540
540

540
540
540
5
40
540
541
54
0
540
540
540
5
40
540
540
54
0
540
541
540

540
540
540

539
539
539

539
539
538

538
538
537
5
37
537
536
53
7
536
536
53
6
537
536
536

536
536
536

535
535
534

534
534
534

535
535
535
5
35
535
536
53
7
536
536
536
5
36
536
536
53
6
536
536
536

537
537
537

536
537
537

538
539
540

540
540
541
5
42
543
544
54
5
546
547
54
8
550
550
551

552
552
553

553
555
555

556
556
557
557

557
557
5
58
557
557
558
5
57
557
557
55
7
557
557
55
7
558
558
557

557
556
556

555
554
554

553
553
552

551
550
549
5
49
548
548
54
7
547
546
545

545
543
543

542
542
541

541
540
541

541
541
542
542

542
542
542

542
541
541
5
41
541
540
54
0
540
540
54
1
541
541
541

541
542
541

540
540
540

539
539
538

538
538
538
5
38
538
537
53
7
536
536
536

536
537
537

537
538
538

538
538
539

539
539
539
540

539
539
539

539
539
539
5
40
539
539
53
9
540
541
54
2
542
543
544

544
546
546

548
549
551

552
553
555

556
557
557
5
58
559
559
56
0
561
561
561

561
561
561

561
561
561

561
560
560

560
559
560
559

558
557
556

555
554
553
5
53
553
552
55
1
551
551
550

550
549
548

547
547
547

546
545
545

544
544
544
5
44
544
544
5
43
543
543
54
3
544
543
543

544
544
543

543
543
542

542
541
541

540
539
539
538

538
538
538

538
538
538
5
37
537
536
53
6
535
535
535

535
535
534

534
535
535

535
535
535

535
535
535
5
35
535
535
5
36
536
536
53
6
537
537
536

537
537
538
537

538
539
538

538
538
538

538
538
538

538
538
539
5
39
539
539
5
39
540
540
54
1
542
543
544

545
545
546

547
549
550

551
552
553

554
555
555
5
56
555
556
5
56
556
556
55
6
556
557
557

557
558
557
556

557
557
555

555
554
552

552
551
550

549
549
549
5
49
548
547
5
46
546
545
54
5
545
544
545

545
544
544

543
543
544

543
543
542

542
543
543
5
43
543
543
54
3
544
544
54
3
544
544
544
54
4
544
545
544

544
544
544

544
544
543

543
543
542

541
541
540
5
39
539
538
5
38
537
536
53
5
535
535
535

535
535
535

534
535
535

535
535
535

534
534
534
5
34
534
535
53
5
535
536
53
6
537
537
537
53
7
538
538
538

538
539
539

539
540
541

542
543
544

545
545
546
5
47
548
549
55
0
551
551
55
2
553
553
553

553
553
552

552
552
552

552
553
553

552
551
550
5
50
550
549
54
9
549
549
54
8
548
548
548
54
7
546
545
545

543
543
542

542
541
541

541
541
541

540
540
540
5
40
539
539
53
9
539
539
53
9
540
539
540

541
541
541

541
541
541

541
540
540

539
539
540
5
40
540
540
53
9
539
539
538

538
537
536
53
5
536
536
535

535
535
534

535
536
536

536
537
538

538
539
539
5
38
538
538
53
9
539
539
53
9
539
539
539

539
539
539

538
537
537

537
536
536

535
535
536
5
36
536
536
53
6
537
538
538

539
540
540

541
542
543
544

545
548
549

550
552
553

554
555
557

557
557
557
5
56
556
556
55
5
555
554
555

555
554
553

551
550
550

549
548
547

546
545
544
5
44
544
544
5
44
544
543
54
3
543
543
544
54
4
543
544
54
3
543
542
542

542
542
542

542
542
542

542
542
542

542
541
540
5
40
539
539
53
8
538
538
538

538
538
538

538
538
538

538
539
540
539

539
539
5
39
538
537
538

538
537
537
5
37
537
537
53
7
537
537
537

537
537
536

536
536
536

535
536
535

536
536
536

536
536
537
5
38
538
538