93
9
939
939
939

939
939
939
939

939
939
939

939
939
939

939
939
939

939
939
939
9
41
944
943
94
3
944
941
94
0
940
939
938

938
938
938

938
937
937

937
937
941

943
944
942
9
42
942
941
94
2
942
940
940

941
938
937
93
9
933
925

934
939
939
938

928
896

866
888
940
943

944
943
935
9
40
938
928
90
2
867
827
79
3
789
788
789

790
791
791

792
793
793

794
794
795

796
796
797
7
97
798
798
79
9
799
800
800

800
800
801
80
1
802
802

802
803
804
804

804
805
805

805
805
805

806
806
807
8
07
807
807
80
7
807
808
808

808
808
809

809
809
809

809
810
810

810
810
810

810
811
811
8
11
811
811
81
1
811
811
811

811
811
908

908
908
909

909
909
909
909

909
909
909

909
909
909

909
909
909
9
09
909
909
90
9
909
909
909

909
909
909

909
909
909

909
909
909

909
909
909
9
09
909
909
9
09
909
909
90
9
909
909
909

909
909
909

909
909
909
909

909
909
909

909
909
909

909
909
909

909
909
909
9
09
909
909
90
9
909
909
909

909
909
909

909
909
909

909
909
909

909
909
909
9
09
909
909
909

909
909
90
9
909
909
909

909
909
909
909

909
909
909

909
909
909

909
909
909

909
909
909
9
09
909
909
9
09
909
909
90
9
909
909
909

909
909
909

909
909
909

909
909
909

909
909
909
9
09
909
909
909

909
909
90
9
909
909
909
90
9
909
909
909

909
909
909

909
909
909

909
909
909

909
909
909
9
09
909
909
9
09
909
909
90
9
909
909
909

909
909
909

909
909
909

909
909
909

909
909
909
909

909
909
909
9
09
909
909
9
09
909
909
90
9
909
909
909

909
909
909

909
909
909

909
909
909

909
909
909
9
09
909
909
90
9
909
909
90
9
909
909
909

909
909
909

909
909
909

909
909
909
909

909
909
909

909
909
909
9
09
909
909
9
09
909
909
90
9
909
909
909

909
909
909

909
909
909

909
909
909

909
909
909
9
09
909
909
90
9
909
909
90
9
909
909
909

909
909
909

909
909
909

909
909
909

909
909
909
909

909
909
90
9
909
909
909
90
9
909
909
90
9
909
909
909

909
909
909

909
909
909

909
909
909

909
909
909
9
09
909
909
90
9
909
909
90
9
909
909
909

909
909
909

909
909
909
909

909
909

909
909
909
9
09
909
909
909
9
09
909
909
90
9
909
909
90
9
909
909
909

909
909
909

909
909
909

909
909
909

909
909
909
9
09
909
909
90
9
909
909
909

909
909
909

909
909
909

909
909
909

909
909
909
909

909
909
909

909
909
909
9
09
909
909
90
9
909
909
90
9
909
909
909

909
909
909

909
909
909

909
909
909

909
909
909
9
09
909
909
90
9
909
909
909

909
909
909

909
909
909

909
909
909

909
909
909
9
09
909
909
909

909
909
909
9
09
909
909
90
9
909
909
909

909
909
909

909
909
909

909
909
909

909
909
909
9
09
909
909
9
09
909
909
90
9
909
909
909

909
909
909

909
909
909

909
909
909
909

909
909
9
09
909
909
909

909
909
909
9
09
909
909
90
9
909
909
909

909
909
909

909
909
909

909
909
909

909
909
909
9
09
909
909
9
09
909
909
909
9
09
908
909

909
909
909

909
909
909

909
909
909

909
909
909
909

909
909
909
9
09
908
909
9
09
909
909
90
9
909
909
909

909
909
909

909
908
909

909
909
909

909
908
909
9
09
909
909
9
09
909
909
90
9
909
909
909

909
908
909

909
908
909

909
908
908

908
908
909
908

909
909
908
9
08
909
908
9
09
908
909
90
9
908
909
909

909
909
908

908
908
909

909
909
908

909
909
909
9
09
908
908
90
8
908
909
90
9
908
908
908

909
908
909
908

908
908

909
908
909
909

909
908
909

908
909
909
9
08
908
908
9
08
908
908
90
8
908
908
908

909
908
909

908
908
908

908
908
908

908
908
908
9
08
908
908
90
8
908
908
90
8
908
908
908
90
8
867
833
799

768
738
709

683
660

638
619
602
588

577
567
559
5
53
548
546
54
5
544
544
54
5
548
551
554

558
562
566

571
575
580

584
588
592

595
598
601
6
04
605
607
60
9
610
610
611
6
12
611
611
61
1
611
610

609
610
609
608

607
606
605

604
602
601

600
598
596
5
94
592
591
59
0
590
589
59
0
593
594
596

597
600
604

608
612
618

623
630
637

645
654
662
6
70
679
686
69
3
699
703
706

709
711
712
71
1
711
708
704

700
696
691

687
682
676

672
668
664

660
657
654
6
52
649
647
64
5
644
643
64
2
641
641
640

638
639
638

636
636
635
634

633
632
630

629
628
627

625
624
62
4
622
622
622

622
622
621
62
1
620
620
618

619
619
619

618
619
618

618
617
618

618
618
617
6
16
616
615
61
3
612
611
611

610
610
608

607
605
603

601
600
598

596
595
594
5
92
591
590
5
90
589
588
58
7
587
587
586
58
5
585
585
58
6
587
588
588

589
589
590

590
591
591

590
590
590

590
589
589
5
89
588
588
58
7
587
587
586

586
586
585

585
586
586

585
585
585

585
584
585
5
84
584
585
5
84
584
584
585
5
86
586
586
58
6
587
587
586

586
586
586

586
587
588

589
593
596

600
605
611
6
18
626
634
6
43
651
659
66
7
674
680
685

689
693
696

697
698
698

696
694
691

687
682
678
6
73
668
663
65
8
653
647
64
3
640
637
634

631
629
627

626
626
626
625

626
626
626

626
627
628

628
627
628
6
28
628
628
6
27
626
624
62
2
620
618
615

614
612
611

610
609
609

608
607
607

606
606
607
6
08
609
611
61
3
613
614
614
6
14
613
613
61
1
610
608
606

604
602
600

598
597
596

594
592
590

588
586
585
5
84
583
582
58
2
583
598
63
3
671
704
732

754
770
781

786
787
785

779
771
761

750
736
722
7
08
693
677
66
2
648
634
621
6
09
599
589
57
9
570
561
553

545
537
530

524
518
514

509
506
505

504
504
505
5
06
508
510
51
4
518
521
52
4
527
530
534

538
541
545

548
550
551

551
551
551

551
550
549
5
49
546
544
544
5
45
547
553

559
566
575
58
5
596
606
612

622
631
641

648
656
663

668
673
677

679
680
680
6
80
678
676
67
4
670
665
66
0
656
652
647

644
640
636

632
628
625

623
620
619

617
615
614
613

612
611
611
6
10
610
609
61
0
610
611
61
1
613
614
616

618
620
622

623
625
627

628
629
630

629
628
628
6
27
626
624
62
3
623
622
621

620
618
617

615
615
613

612
612
609

608
605
602
6
00
600
600
601

602
602
602
6
02
602
602
60
2
602
601
60
0
600
599
598

599
598
597

596
595
594

593
591
590

589
588
587
5
87
586
584
58
4
583
583
582

581
580
579

578
577
577

576
576
576

575
576
576
5
76
577
577
578

578
578
578
5
79
580
580
58
1
582
582
582

584
587
591

595
601
607

615
623
632

641
651
661
6
69
677
685
6
91
697
701
70
4
707
708
708

708
706
703

699
694
688

682
675
668
661

654
647
641

635
628
623

618
614
610
6
07
605
602
60
0
599
599
600

601
603
603

605
606
607

608
609
611

612
613
614
6
13
613
613
6
12
612
611
61
0
609
608
607

605
604
603

602
602
601

600
600
600
599

599
598
598

597
597
596

595
594
592
5
91
589
588
58
7
577
583
587

547
609
660

695
715
726

733
738
743

746
748
751
7
53
754
756
7
58
759
760
76
0
745
705
709

727
742
750

756
746
718
706

694
691
696

670
659
625

540
512
525
5
01
463
464
4
57
532
555
57
0
558
531
532

516
506
490

506
501
486

0
0
643
908

908
908
908

908
909
909
9
08
909
908
9
09
908
908
90
8
909
909
908

908
908
909

909
909
908
909

908
908
909

909
908
909

909
909
909

908
908
908
9
08
909
909
90
8
908
908
908

908
908
908

908
908
908

908
909
908

908
908
909
9
08
908
908
9
09
908
908
90
8
908
908
908
90
8
908
908
908

908
909
908

909
908
908

908
908
908

909
908
908
9
08
909
908
9
08
903
858
82
1
785
751
718

688
661
636

614
595
579

565
553
544

537
530
527
5
25
524
525
525

527
530
53
3
537
541
545
54
9
554
557

561
565
569
572

575
579
581

583
585
587

589
590
591
5
91
591
591
5
91
590
589
58
8
588
587
586

586
585
584

585
592
603
613

622
631

637
642
644
6
44
644
643
641
6
37
633
627
6
21
617
612
60
8
602
600
597

595
592
588

584
578
574

573
573
573

571
571
570
5
70
570
570
5
70
571
571
57
3
575
579
581

579
571
567

581
595
617

649
656
666

631
474
568
6
29
625
677
70
7
724
733
740
7
45
749
752
75
4
756
758
759

761
763
762

764
765
766

767
768
769

769
771
771
7
72
773
774
77
4
775
776
77
6
776
777
777

777
778
778

778
778
779

779
778
779

779
780
780
7
80
780
780
780
7
80
780
780
7
81
781
781
78
1
781
781
781

781
781
781

781
782
781

782
781
781

782
782
782
7
82
781
781
78
1
781
781
78
1
781
781
781

781
781
781

781
781
781

781
781
781

780
780
780
7
80
780
780
78
0
780
780
780
77
9
779
779
77
9
779
779
778

779
779
0
0

0
0
0
0
0

0
0
0
0
0

0
0
0
0
0

0
115
842
908

909
908
908

909
908
909

908
909
909

908
909
909
9
09
909
909
90
9
909
909
909
9
09
909
909
90
8
909
908
909

909
909
909

908
909
908

909
909
909

909
908
909
9
09
909
908
9
09
909
909
90
9
909
909
909

909
908
909

909
909
909

909
909
909

908
909
909
908

908
909
90
9
909
909
909
9
09
908
909
90
9
909
909
909

909
908
909

908
909
909

909
908
909

909
909
909
9
09
909
908
9
09
908
908
90
9
908
909
908

908
908
908

909
908
908

908
908
908

908
908
908
908

908
908
908
9
08
908
908
9
08
908
908
90
8
908
908
908

908
862
821

782
746
711

679
649
622

598
576
558
5
43
530
519
51
1
505
501
49
9
498
499
501
50
4
509
512

518
524
529

535
541
547
552

558
563
568

571
575
580
5
83
586
589
5
91
592
594
59
4
595
595
595

595
595
596

596
599
601

605
609
614

620
625
632
6
40
649
656
66
4
672
679
68
6
691
697
700

703
706
706
706

705
702
699

695
690

684
679
673
669

663
658
654
6
50
645
641
63
8
636
633
63
1
631
629
628

627
628
627

626
626
626

625
624
623

622
620
618
6
17
616
615
61
4
613
612
611

610
608
607

607
608
608

607
608
608

607
607
607

607
607
607
606

606
605
603
6
02
601
600
59
8
596
594
59
3
592
590
589

587
587
586

586
587
586

586
586
585

584
584
583
5
83
582
582
58
2
582
582
583

583
584
584

584
585
585

584
584
584

583
583
582
582

582
582
581

581
581
579
5
79
579
578
57
7
576
575
574

574
574
573

573
573
573

573
575
577

580
583
588

593
599
606
6
15
623
632
64
1
651
661
673

685
696
705

711
716
719
721

720
718

715
710
704
698

691
685
678

672
665
659
6
54
649
645
64
1
638
635
632

630
629
628

627
628
628

628
629
629

629
629
629
6
28
627
627
6
26
624
623
62
1
619
617
614

612
611
609

607
606
604

603
602
601
601

600
600
599

598
598
598

597
596
596
5
97
597
599
59
9
599
599
599

599
598
597

596
596
594

592
591
590

587
586
584
5
83
582
581
5
79
578
578
57
7
577
577
576

576
575
574

573
573
573
573

572
572
572

571
572
572

572
572
572
5
73
573
572
5
71
571
570
57
0
569
568
569

569
569
568

568
568
569

568
569
569

568
568
568
5
68
569
571
57
2
572
572
57
3
574
575
577
57
9
584
588
594

601
607
615

625
636
647

658
669
680

689
697
697
7
08
716
721
7
26
729
730
72
9
717
515
510

588
647
690

714
728
737

743
748
751

755
757
0
0

0
0
0
0
0
0

0
0
0
0
0

0
0
0
0
0

0
0
0
0
0
0
1
02
467
569
0

0
0
144
908

908
909
909

909
909
909

909
909
909
9
09
909
908
9
08
909
909
90
9
909
908
909

909
909
908

908
909
908

909
909
908

909
909
908
9
09
908
909
9
08
908
909
90
9
908
663
498

583
0
11
909
9
09
908
908
9
08
909
908
90
9
909
909
908

909
908
908

909
908
908

908
909
908

909
908
909
9
08
863
810
76
1
715
671
63
1
595
563
534

508
488
468

454
453
454
457

460
463

465
469
472
4
76
481
488
492
4
97
502
509
5
16
523
530
53
7
545
552
561

570
579
581

578
586
583

608
531
684

798
836
837
8
20
826
810
77
5
828
819
83
8
893
909
901
88
1
837
638

442
563
627
678

709
725
735

743
748
752

755
757
760
7
62
763
765
76
6
767
768
76
9
770
771
771

772
773
773

774
774
775

775
775
775

775
0
0
0
0

0
0
0
0
0

0
0
0
0
0
0

0
0
0
0
0

0
0
0
0
0

0
0
0
178
505

795
908
908

908
908
909
9
08
909
909
90
9
909
909
909

908
909
908

909
909
909

909
909
909

909
909
909
9
09
909
909
9
09
909
908
90
9
909
909
909

909
909
909

908
909
908
909

908
909
909

909
909
909

909
909
909
9
09
909
909
9
09
909
909
90
9
909
909
908

909
909
909

908
909
909

908
908
897

818
750
686
6
27
575
529
49
0
457
432
41
3
400
392
388

390
395
404

417
434
452

472
494
517
540

564
586
609

630
649
667
6
83
698
709
7
19
726
730
73
3
735
734
733

730
727
723

718
713
707

700
695
690

685
682
679
6
76
673
670
66
7
662
659
65
9
659
658
656

655
654
652

650
649
647

645
644
642
641

640
639
639

639
635
632
6
32
633
636
6
38
639
639
63
9
641
643
643

643
642
641

637
631
625

619
614
610

606
602
599
5
96
593
590
58
5
553
507
58
6
647
691
715
73
0
738
744
749

753
756
758

760
762
764

765
766
768

768
769
770
7
71
771
772
77
2
773
774
77
4
774
774
775

775
775
775

775
775
775

775
775
775

775
775
775
7
75
775
775
77
5
775
775
774

774
774
774

774
774
773

773
773
773

773
772
772
772

772
772
772

771
771
771
7
71
770
770
77
0
770
770
76
9
769
769
769

769
769
769

768
768
768

768
768
768

768
767
767
7
67
767
767
76
7
767
767
766

766
766
766
76
6
766
766
765

765
765
765

765
765
765

765
765
764

764
764
764
7
64
764
764
76
4
764
746
751

627
7
12
8
5
10
9
8
5

1
0
0
0
0
0

0
168
908
9
08
909
909
9
09
909
909
90
9
909
909
909

909
909
909
90
9
909
909
909

909
909
909

909
909
909

909
909
909

909
909
909
9
09
909
909
90
9
909
909
909

909
909
909

909
909
909

909
909
909

909
909
909
9
09
909
909
9
09
909
909
90
9
909
909
909

909
909
909

909
909
909

908
909
909
909

909
909
909

909
909
909

909
909
909
9
09
909
909
90
9
909
909
909

909
909
909

909
909
909

909
909
909

909
909
909
9
09
909
909
9
09
909
909
90
9
909
909
909
90
9
909
909
909

909
909
909

909
909
909

909
909
909

909
909
909
9
09
909
909
9
09
909
909
90
9
909
909
909

909
909
909

909
909
909

909
909
909

909
909
909
8
92
853
816
78
0
747
715
68
5
658
632
608
58
7
568
551
536

523
511
502

495
490
487

485
484
485

486
488
492
4
96
501
506
5
12
518
525
53
1
538
544
550

556
561
565

569
572
575

577
578
577

562
562
545
1
11
343
495
579
6
39
685
711
0

0
290
0
0

0
0
0
0
0
0

0
162
372
5
53
697
812
9
03
909
909
90
9
909
909
909

909
909
909

909
909
909

909
909
909

909
909
908
8
00
884
909
90
9
909
909
90
9
510
373
0

158
909
909
909

909
909
909

909
909
909
9
09
909
909
90
9
909
909
909

909
910
909

909
889
900

685
530
600

655
694
716
7
27
735
740
7
43
746
746
74
7
747
748
749

0

0
0
0
0

0
0
0
0
0

0
0
0
0
0

0
0
0
0
0
0
0

0
0
0
0
0

0
0
0
0
0

0
0
0
0
0

0
0
0
0
0
0

0
0
0
0
0

0
49
310
60
4
865
909
909

909
909
909

909
909
909

909
909
909
909

909
909
9
09
909
909
90
9
909
909
90
9
909
909
909

909
909
909
909

909
909

909
909
909
909

909
909
909

909
909
909
9
09
909
909
90
9
908
909
90
9
909
908
908

906
906
889

825
785
754

734
708
695

684
672
660
6
37
630
619
60
8
607
609
613

620
629
641
65
5
669
687
706

725
740
754

769
784
793

800
805
808

810
808
802
7
94
786
780
77
0
761
757
74
9
741
732
721

706
690
673

658
646
636

627
620
613

606
600
595
5
89
583
578
573
5
68
564
561
55
8
556
554
55
3
553
554
554

554
556
556

557
560
562

564
567
570

572
573
576
5
79
582
583
58
4
585
585
585

584
584
582

581
579
577

574
572
569

567
564
561
5
57
554
552
5
51
549
548
54
8
548
547
547

547
547
546

546
546
545
545

546
547
547

547
546
543

541
540
539

539
540
541
5
43
544
547
54
9
551
553
556

560
563
567

572
576
578

579
578
575

572
568
566
5
61
557
553
5
50
546
543
541
5
40
541
542
54
4
548
554
561

570
579
589

601
614
627

640
654
670

684
700
715
7
26
736
745
7
53
759
763
76
5
765
764
763

762
760
757

752
749
748

746
745
743

740
739
738
7
36
734
731
7
29
725
721
715
7
10
703
696
68
9
681
673
665

656
647
639

630
623
615

608
602
596

590
586
582
5
78
576
574
5
74
574
574
57
4
574
574
575

577
578
577

576
578
583

590
597
605
610

614
618
619

618
614
610
6
04
600
597
5
95
590
584
57
8
572
565
560

554
549
544

540
537
534

532
530
528

527
526
525
5
25
526
526
5
28
529
531
53
3
534
536
538

541
543
545

548
551
553

555
557
558

559
559
560
5
60
560
561
56
1
561
561
562
5
64
566
569
57
4
580
587
595

604
614
625

637
649
661

673
684
695

705
714
723
7
30
736
740
74
4
744
744
74
2
740
737
733

728
724
718

713
708
702
696

691
686
682

683
682
678

674
671
666
6
63
659
655
6
52
648
644
64
1
638
634
630

626
623
619

615
612
608

605
602
600

598
596
595
5
94
593
592
59
2
593
595
59
6
596
597
598
59
8
597
593

591
597
611

628
642
654

664
671
676
6
79
679
679
678
6
76
672
666
66
0
655
647
64
0
633
626
620

613
607
601

597
593
589

586
583
581

579
578
576
5
76
575
575
57
4
574
574
574

574
574
574

574
574
573

574
574
575

576
577
579
581

583
585
590

594
600
607
6
13
621
629
63
8
647
657
66
8
678
688
698

707
716
723

729
735
738

741
742
743

741
740
736
7
34
731
727
72
4
722
719
716

714
712
709

707
706
704
703

703
702

701
700
699
697

696
694
692

690
687
684
6
81
678
675
67
2
668
663
65
9
655
651
646

643
640
636

634
632
630

627
625
623

622
620
619
6
19
618
617
61
7
616
616
616

616
615
615
61
3
613
611
610

608
606
604

601
598
596

592
590
587

585
582
580
5
77
574
569
56
2
555
550
546

543
541
540

539
541
543

546
550
555

558
563
568
5
73
579
583
5
89
593
598
60
2
606
609
612

614
616
617

618
620
621

623
624
627
631

635
641
647

654
663
674

686
698
708
7
18
726
733
74
0
746
751
755

758
760
761

761
761
759

757
754
750

746
742
738
7
33
728
724
7
20
716
712
70
9
706
703
701

700
697
695

693
691
689

687
683
680

676
672
668
664

659
654
651
6
47
643
641
6
39
638
638
63
8
629
624
628

641
653
669

4
22
635
90
9
909
909
909

909
910
909

909
909
909

909
909
909

909
887
820
7
57
694
533
74
4
781
767
74
0
717
530
599
65
4
693
715
727

735
741
745

749
751
754

756
758
760

761
763
764
7
66
767
768
76
9
770
771
77
3
773
774
775

776
777
777

778
779
779

779
780
780

781
781
782
7
82
783
784
784
7
85
785
785
78
5
785
786
78
7
788
788
789

789
782
0
0

0
0
0
0
0

0
0
0
0
0

0
0
0
0
0

0
0
0
0
0
0

0
0
0
0
0

262
657
909

909
909
909

909
909
909
9
09
909
909
9
09
909
909
90
9
909
909
909
90
9
909
909
909

909
909
909

909
909
909

909
909
909

909
909
909
9
09
909
909
9
09
909
909
90
9
909
909
909

909
909
909

909
909
909

909
909
909

909
909
909
9
09
909
909
90
9
909
909
90
9
909
909
909
90
9
909
909
909

909
909
909

909
909
909

909
909
909

909
909
909
9
09
909
889
8
45
799
749
57
4
759
800
786

751
708
666

627
593
563

538
517
501

488
476
465
4
61
459
440
480
5
02
509
511
5
14
518
526
53
7
544
550
554

560
567
575

582
589
596

604
613
623

633
644
656
6
67
678
688
69
9
708
716
72
3
730
735
738

741
742
741

740
738
734

730
724
720

717
710
703
698

692
687
684
6
80
676
672
6
68
665
647
53
1
594
652
693

716
728
737

743
747
751

753
756
758

760
762
764
7
65
766
768
76
8
770
771
77
2
773
774
774

776
776
777

778
779
779

780
780
781

782
782
783
7
84
784
785
78
5
786
786
787
78
7
787
788
75
1
756
763
767

771
774
777

0
0
0
0
0

0
0
0
0
0

0
0
0
0
0
0

0
0
0
0
0

0
0
0
0
0

138
555
908

909
909
909
9
09
909
909
90
9
909
909
909
9
09
909
909
90
9
909
909
909

909
909
909

909
909
909

909
909
909

909
909
909
9
09
909
909
90
9
909
909
90
9
909
909
909

909
909
909

909
909
909

909
909
909

909
909
909
909

909
909
909
9
09
909
909

909
909
909
90
9
909
909
909

909
909
909

909
909
909

909
909
909

909
909
909
9
09
909
909
90
9
909
909
90
9
909
909
909

909
909
909

909
909
909

909
895
858

821
786
752
721

692
664
639
6
17
597
581
56
6
553
543
53
4
527
521
517

515
514
515

518
520
523

526
529
532

535
540
543
5
48
552
556
56
0
564
568
571

576
579
582

586
590
593

595
597
599

600
602
603
6
05
606
606
6
07
607
607
607
6
07
607
607
60
6
606
605
60
4
603
602
600

599
598
598

597
598
597

597
599
602

606
612
618
6
26
634
643
65
4
666
678
688

699
710
719

728
735
742

747
750
753

754
754
753
7
50
746
741
737

731
725
719
7
12
706
700
69
5
690
685
681

678
675
673

671
669
669

669
668
667

653
469
580
6
72
733
664
7
51
812
504
58
5
643
689
715

729
738
0

0
0
0
0
0
0

0
0
0
0
0

0
0
3
459
5
68
632
683
7
10
727
737
745
7
50
754
757
76
0
762
764
766

767
769
770

772
773
774

775
776
776

776
777
778
7
79
780
780
7
81
782
782
78
3
784
785
785

785
786
786

787
787
788

788
789
789

789
790
790
790

790
790
791
7
91
791
786
7
86
787
788
78
8
789
789
789

788
788
788

787
788
788

787
787
788

788
788
788
7
88
789
789
7
89
789
789
78
9
789
790
790

790
790
791
790

791
791

791
791
792

792
793
792
792

792
792
791
7
89
784
782
7
77
766
725
70
7
681
651
601

524
467
499

473
466
445

425
416
411

402
404
389
3
69
267
442
91
5
915
914
91
4
912
910
910

910
910
909

909
909
909

909
909
909

910
909
909
909

910
909
910
9
09
909
909
9
09
909
909
90
9
909
909
909

909
909
909

909
909
909

909
909
909

909
909
909
9
09
909
909
90
9
909
909
90
9
909
909
909

909
909
909

909
909
909
909

909
909
909

909
909
909

909
909
909
9
09
909
909
90
9
909
909
90
9
909
909
909

909
909
909

909
909
909

909
909
909

909
909
909
9
09
909
909
90
9
909
909
90
9
909
909
909

909
909
909

909
909
909

909
909
909

909
909
909
909

909
909
909
9
09
909
909
90
9
909
909
90
9
909
909
909

909
909
909

909
909
909

909
909
909

909
909
909
9
09
909
909
90
9
909
909
909

909
878
841

805
771
739

708
681
656
632

611
593
577

564
553
545

540
536
534
5
33
533
535
53
7
541
545
54
9
555
559
563

568
572
576

580
583
586

589
591
593

594
596
596
5
97
598
597
59
6
596
595
595

593
592
592

591
590
588

587
585
584
582

581
579
578

577
575
574

573
571
570
5
69
568
567
56
6
566
566
565

565
564
563

562
562
561

561
561
562

563
564
567
5
69
573
578
5
83
589
596
60
5
616
626
637
64
8
661
672
68
4
695
705
712

720
727
731

734
736
736

735
733
730

726
721
715
7
09
702
696
68
9
684
679
674

669
666
663

660
658
656

654
652
652

650
649
648
6
46
644
642
6
39
636
633
62
9
626
623
620
61
8
616
613
612

610
610
609

608
608
607

608
608
609

610
610
611
6
12
612
613
6
13
613
613
61
3
613
611
609

608
607
606

604
603
600

598
595
593

591
590
588
5
86
585
583
58
2
581
579
57
8
577
576
575
57
5
574
574
573

572
571
570

571
572
571

571
572
572

571
571
572
5
72
572
573
5
73
573
573
57
3
573
573
572

571
570
569

568
568
568

567
567
567

567
567
568
5
69
571
574
57
7
582
588
59
4
602
610
620
63
0
642
652
664

675
686
696

705
712
718

722
725
726

726
724
722
7
18
714
708
7
03
697
690
68
4
678
673
668

663
659
655

652
651
649

648
647
646

645
643
643
6
42
640
639
63
8
636
634
63
2
630
628
625
62
2
619
617
613

610
608
605

603
601
599

597
595
593

591
591
590
5
90
589
589
59
0
590
591
59
0
591
591
591

591
591
590

589
587
586

585
582
580

578
576
574
5
73
572
572
57
1
570
569
567

567
567
567
56
7
567
567
567

567
567
566

565
565
564

563
562
561

559
558
557
5
57
556
556
55
6
556
556
55
7
558
560
560

561
563
563

564
565
567

568
570
571

572
572
571
5
59
522
496
537
6
00
626
642
67
3
709
744
77
6
807
834
853

866
875
880

882
877
884

883
854
847

863
847
815
7
84
742
688
56
7
533
605
662

699
720
733

741
747
751

755
758
760

763
765
766
768

769
771
772

773
775
776
7
77
778
0
0
0

0
0
0
0
0

0
0
0
0
0

0
0
0
0
0

0
0
0
0
0
0

0
0
0
0
0

0
0
181
459

707
907
909

908
909
909

909
909
909

909
909
909
9
09
909
909
909
9
09
909
909

910
910
921
54
9
618
673
707

0
0
0
0
0

0
265
764
90
8
909
909
90
9
909
909
909

909
909
909

909
909
909

909
909
909

909
909
909
9
09
909
909
90
9
909
909
90
8
909
909
908

909
908
909

909
909
909

909
909
908
908

908
858
818

782
744
709
6
80
656
632
61
0
591
575
56
2
553
547
540

539
547
554

564
574
585

595
609
613

592
653
680
6
95
706
711
70
3
690
693
694
70
2
677
684

702
721
735

697
697
726

759
788
812
833

849
864
869

866
858
848
8
36
824
841
83
5
809
772
73
1
685
640
601

564
532
502

476
456
439

427
421
419

421
424
431
4
33
464
485
496
5
05
497
504

517
532
547

561
576
588
599

608
612
616

626
643
646

643
637
630

569
584
592
5
73
589
620
64
2
663
681
686

711
732
734

734
726
717

707
695
677

658
635
610
5
87
566
550
5
40
529
514
49
7
482
471
462

456
451
448

447
448
453
459

469
480
490

484
435
460

533
603
635

651
664
670
6
67
659
650
64
1
635
625
594

610
639
655

666
678
673

712
725
728

722
723
721
7
17
712
707
7
02
694
687
67
9
671
664
654

645
638
630
624

619
614
610

607
606
604

603
604
606

608
611
615
6
18
622
625
6
29
632
634
63
5
635
636
635

635
634
629

635
643
636

637
641
642

643
644
643
6
40
636
634
634

631
630
62
9
628
626
622

618
615
609
605

606
606
601

599
601
602

603
604
604

605
605
606
6
07
607
606
6
04
603
601
59
9
598
596
594

592
590
588

586
586
584

583
582
581

579
577
576
5
76
575
573
57
1
570
567
56
4
563
565
570

579
589
597
604

610
613
606

605
601
605

615
625
633

639
644
647
6
50
652
652
6
53
654
657
67
2
680
668
651

638
624
610

598
589
584

582
582
581

586
598
594
6
02
615
630
644
6
52
662
673
6
84
692
700
70
5
708
711
713

712
711
709

707
704
702

698
694
690

686
680
676
6
71
663
656
64
5
642
648
64
8
643
637
630

622
615
609

603
597
592

588
585
582

580
579
579
5
79
580
582
585
5
86
588
590
5
94
596
598
60
0
603
606
608

609
610
610

609
609
608

608
608
607

606
605
604
6
02
600
599
59
8
597
594
58
8
588
589
590

590
592
593

587
587
587

585
584
583

582
581
580
5
78
578
578
578
5
78
577
576
57
5
575
574
57
2
573
573
574

575
575
575

574
574
574

573
573
572

571
572
571
5
71
571
571
57
2
574
577
580

581
590
598

612
625
633

643
650
659

671
680
689

698
706
713
7
19
724
726
727
7
26
722
720
71
8
715
711
70
9
706
700
693

685
679
670

668
664
658

653
649
621

624
636
648
6
55
659
662
66
3
664
666
667

665
662
657

656
655
647

637
629
620

612
606
602
599

594
595
597

598
599
600
5
99
599
599
59
9
599
599
600

601
601
601

600
599
601

602
599
590

589
594
596

595
596
596
5
97
597
592
58
8
584
585
591

595
597
598

599
599
600

595
591
592

591
602
604
602

595
594
598

594
588
582
5
78
574
570
56
6
563
560
558

556
556
555

555
554
554

555
555
554

555
555
556
5
57
558
559
5
62
566
571
57
6
583
591
599

609
619
630

642
653
664

675
685
694

703
710
715
721

725
727
729

729
728
725
7
22
717
711
70
5
700
693
687

681
675
670

665
661
657

654
651
651

649
649
648
6
47
645
644
6
42
641
639
63
8
637
636
634

632
629
625

622
620
617

615
613
613

612
613
613
613

613
612
612
6
12
612
612
6
12
612
612
61
1
609
607
604

603
602
600

600
599
598

597
595
595

593
591
589
5
86
584
582
58
0
580
580
57
8
577
574
574

571
568
567
568

570
570

572
573
574

574
576
576
578

579
579
579
5
80
580
581
5
81
583
584
58
1
575
575
575

573
571
569

566
562
559

557
554
553

553
556
558
5
62
567
573
58
0
590
599
61
1
623
635
649

663
679
694
708

720
729
737

742
746
748

749
748
745

741
737
732
7
26
720
714
7
09
702
696
69
0
685
679
674

670
666
663

660
657
655

654
652
651

650
649
648
6
47
645
642
64
0
638
636
63
4
631
628
625

622
620
617
615

614
614

614
616
618
620

621
622
623

624
625
625
6
26
626
626
62
6
626
625
62
5
625
623
622

619
617
614

612
609
606

603
601
599

596
594
591
5
89
587
586
58
4
583
581
579

578
576
575

573
572
572
571

572
572

572
572
574
5
75
574
575
575

574
574
575
5
74
573
573
57
4
574
574
57
3
574
573
572

572
555
480

573
636
684

712
727
737

743
748
752
7
55
758
761
76
3
765
767
768
77
0
771
773

774
775
777

778
779
780
781

782
783
7
84
785
785
786

787
787
778
7
54
711
664
68
0
644
637
0

0
0
0
0
0

0
0
0
0
0
0

0
0
0
0
0

0
0
0
0
0

0
218
647
90
9
909
909
909
90
9
909
909

909
909
909
909

909
909
909

909
909
909

909
909
909
9
09
909
909
9
09
909
909
90
9
909
909
909

909
909
909

909
909
909

909
909
909

909
909
909
9
09
909
909
90
9
909
909
90
9
909
909
909

909
909
909

909
909
909
909

909
909
909

909
909
909

909
909
909
9
09
909
909
90
9
909
909
90
9
909
909
909

909
909
909

909
869
823

779
736
697

660
626
595
5
67
541
520
50
3
489
479
47
2
469
468
471

478
487
500
515

533
552
572

592
613
633

653
673
690

706
720
731
7
41
748
752
75
6
757
758
75
6
754
749
745

740
735
729

722
716
710

703
697
692

686
683
679
6
77
674
673
67
3
672
671
670
67
1
668
666

663
661
656
652

648
646
642

639
636
633

631
628
628

627
627
628
6
30
631
632
63
1
630
629
62
9
629
628
628

627
626
626

625
623
622

621
620
619

617
615
613
6
11
609
607
60
6
605
604
602

600
599
596

593
590
588

587
586
584
581

579
578
576

572
570
568

567
564
561
5
60
557
553
55
0
546
517
594

653
696
718

732
741
747

752
756
759

759
0
0
14
1
8
8
484
576
642

691
718
732

742
0
0
0
0

2
3
1
3
2

3
2
2
2
2

1
1
1
0
0

0
0
0
2
190

443
666
863

908
908
908

908
908
908
9
08
908
908
90
8
908
908
90
8
908
908
908

908
908
908

908
908
908

908
908
908

908
908
908
908

908
908
908
9
08
908
908
90
8
908
908
90
8
908
908
908

908
908
908

908
908
888

851
813
777

744
712
683
6
57
635
615
59
8
583
570
55
9
550
541
534

529
525
521
517

513
508

504
501
498

493
489
485
4
81
478
475
472
4
70
468
467
46
5
464
462
45
9
457
455
452

449
446
442

439
437
434

432
432
432

432
432
433
4
35
437
439
44
2
445
448
451

456
460
464

467
471
474

478
482
485
489

493
497
5
01
505
510
5
16
522
530
537
5
44
552
560
57
0
578
586
59
3
600
605
611

616
619
620

619
618
616

613
611
607

602
596
589
5
82
575
568
56
0
554
549
543

539
536
533

531
530
529

530
531
533

535
538
541
5
44
546
547
5
48
550
550
550
5
51
553
554
55
6
557
559
560

561
561
562

564
566
567

568
570
571

572
573
574
5
75
576
576
5
77
577
576
57
6
575
575
573

573
572
571

570
570
570

569
568
566

565
563
560
549

400
473
502

585
646
691
7
16
730
739
74
6
750
754
757

760
762
764

766
767
769

770
772
773

774
775
776
7
77
778
779
7
80
780
781
78
2
782
782
0

0
0
0
0
0
0

0
0
0
0
0
0

0
0
0
0
0

0
0
0
0
0
0

0
0
0
0
0

0
107
387
6
41
866
908
90
8
908
908
908

908
908
908

908
908
908

908
908
908

908
908
908
9
08
908
908
9
08
908
908
90
8
908
908
908

908
909
925

564
627
678
708

725
735
741

0
0
0
0
0

0
0
0
0
0
0

0
239
592

889
908
908
9
08
908
908
90
8
908
908
908

908
908
908

908
908
908

908
908
908

908
908
908
9
08
908
908
9
08
908
908
90
8
908
908
908

908
908
908

908
908
908

908
908
908
908

908
908
908

908
908
908

908
908
908
9
08
908
908
90
8
908
908
908

908
908
908

908
908
908

908
908
908

908
908
908
9
08
908
908
8
77
841
806
77
3
742
712
685

660
637
617

600
585
573
563

554
548
544

541
541
542

544
548
553
5
60
569
579
5
91
605
619
63
5
652
669
686

704
721
739

755
771
785

798
809
818

824
828
830
8
31
829
827
82
3
819
813
80
6
799
792
784
77
7
769
762

755
749
742
736

731
726
723

718
714
711

707
703
700
6
97
693
688
6
84
679
674
67
0
666
662
657

654
650
647

644
641
638

636
634
633

632
632
631
631

630
630
63
0
629
629
63
0
632
634
634

636
638
638
639

639
639
632

626
630
635

638
638
636

633
629
625
6
21
616
612
60
8
604
600
59
8
596
594
592

591
590
588

587
588
588

588
589
589

589
589
589
591

591
591
59
2
591
591
591
5
93
594
595
59
6
598
598
598

588
567
562

609
634
638

631
621
619

624
642
657
6
70
680
685
68
9
693
697
70
2
707
709
711

712
713
715

717
719
720

722
723
725

726
727
728
7
29
727
725
72
5
724
721
717
70
9
704
701
69
6
695
456
566

630
679
702

722
733
740

744
747
747

749
0
0
0
0

0
0
0
0
0

0
0
0
0
0

0
0
0
0
0
0

0
0
0
157

430
674
890
9
09
909
909
9
09
909
909
90
9
909
909
909
90
9
909
909
909

909
909
909

909
908
909

909
909
908

908
908
908
9
08
908
907
9
07
907
907
90
7
907
907
907

907
907
907

907
907
907

907
907
907

907
907
907
9
07
887
845
80
6
768
732
699
6
69
641
615

592
573
556

541
530
520
512

507
503
500

499
501
504

508
514
523
5
34
546
560
5
76
592
611
63
0
650
670
689

709
729
746

762
776
788

798
806
814

818
821
822
8
21
819
816
813
8
08
803
79
6
790
783
776
76
9
762
755
749

743
737
732

726
722
717

712
708
703

698
692
686
6
79
673
666
65
8
652
644
63
7
631
625
619

613
609
604

600
596
593

591
589
587

586
585
585
5
85
586
588
59
0
592
594
596
5
98
599
600
60
1
602
602
602

601
600
597

595
592
590

586
583
580

576
572
568
5
64
561
558
55
5
553
551
54
9
548
547
546

545
544
543

543
542
542

542
542
542

542
542
542
5
42
543
543
54
3
544
544
544

544
544
545
54
6
546
546
545

544
541
529

500
480
0
3
80
845
908
90
8
908
908
908

909
853
759

712
680
543

612
667
703

722
733
0
0

0
0
0
0
0
0

0
0
0
0
0

0
0
0
0
0
0

49
243
463
65
7
828
909
909

909
909
909

909
909
909

909
909
909

909
909
909
9
09
909
909
9
09
909
909
90
9
909
909
909

909
909
909

909
909
909

909
909
909

909
909
909
9
09
909
868
826

784
746
710
6
75
642
610
58
1
541
491
450

673
739
739

715
681
647

613
572
539

525
513
504
4
92
485
477
4
71
465
462
45
8
457
456
457

456
438
498

582
643
689

714
682
714

730
737
739
0

0
0
0
0
0
0

0
0
0
0
0

0
0
0
0
0
0

0
0
0
1
18

7
2
4
116

301
502
671

532
604
662
7
00
721
733
74
1
747
751
754

757
759
760

761
761
762

760
757
743

733
731
725
7
31
734
742
744

743
743
744
7
49
750
743
73
9
744
746
71
6
662
655
676

710
721
712

671
650
647

630
608
662

698
714
725
7
27
718
723
72
6
726
723
727

726
718
716

722
730
703

697
698
709

711
721
710
7
14
709
697
684

697
706
0
0

0
0
0
0
0
0

0
0
0
0
0

0
86
712
90
9
909
909
909

909
909
909

909
909
909

909
909
909

909
909
910
9
09
909
910
91
0
927
926
62
7
679
711
727

737
743
744

749
752
755

757
759
761
757

757
746
7
43
750
755
757
7
61
760
761
76
3
766
768
77
0
771
772
773

775
775
776

777
776
776

776
775
773

768
754
698
6
71
658
667
0

0
0
0
0
0

0
0
0
0
0

0
0
0
0
406

908
909
908

908
909
909
908

909
909
909

909
909
909
9
09
909
909
90
9
909
909
90
9
909
909
909

909
909
909

909
909
909

909
909
909

909
909
909
9
09
909
909
90
9
909
909
909

909
909
909
90
9
909
909

909
909
909

909
909
909
909

909
909
909

909
910
910
9
10
910
910
91
0
927
922
633

683
713
729

738
745
749

753
756
759

761
763
765
7
66
767
768
7
70
771
772
77
2
773
772
773

0
0
0
0
0

0
0
0
0
0
0

0
0
0
0
0
0

0
0
209
765

908
909
908

909
908
909

909
909
909

909
909
909
9
09
909
909
9
09
909
909
90
9
909
909
909

909
909
908

909
909
909

909
909
909

909
909
909
9
09
909
909
909
9
09
909
90
9
909
909
909
90
9
909
909
909

909
909
909

909
909
909

909
909
909

909
909
909
9
08
909
909
90
9
909
909
90
9
909
909
909

909
909
909

909
909
909

909
909
909

909
909
909
9
09
909
909
90
9
909
909
90
9
909
909
909
90
9
909
909
909

909
909
909

909
909
909

909
909
909

909
909
909
9
09
908
859
83
0
814
802
76
8
590
750
860

862
821
763

697
621
529

436
363
315

506
587
649
6
93
717
731
74
0
746
751
755
7
57
760
763
76
5
766
768
769

771
772
774

775
775
776

777
778
779

780
780
781
7
82
782
783
78
3
784
784
78
4
785
785
786

786
787
787

787
788
788

788
789
789
789

790
790
7
90
791
791
791
7
91
791
792
79
2
792
792
79
3
793
793
793

794
794
793

794
794
794

794
794
794

795
795
795
7
95
795
796
79
6
796
796
794

790
783
782

783
783
0
4
04
563
635
68
8
718
734
745
7
52
758
762

766
769
771
773

775
7
8
8

8
8
8
8
9

8
10
0
0
0

0
2
13
8
349

119
541
614

672
708
728

739
748
754

758
762
764
7
63
763
766
76
9
771
773
77
4
776
777
779

780
781
782

784
785
785

786
787
785
785

785
783
785

787
788
788
7
87
788
787
78
6
785
786
78
5
786
787
787

787
787
0
0

0
0
0
0
0

0
0
0
0
0

0
0
0
0
0

460
908
909
9
09
909
909
9
09
909
909
90
9
909
909
909

909
909
909
909

909
909
909

909
909
909

909
909
909

909
909
909
9
09
909
909
9
09
909
909
90
9
909
909
909

909
909
909

909
909
909

909
909
909

910
909
927
9
09
909
909
90
9
909
909
90
9
928
909
909

909
909
909
909

909
909
909

909
909
909

909
909
909

9091
0
0
0
0

0
0
0
1
4
4
221
449
497

0
0
0
28
3
46
0
0
0
0

0
315
627
90
2
908
909
909

909
909
909

908
908
907

907
907
905

898
892
891
8
93
896
895
896
8
94
908
908
90
7
907
906
90
4
904
905
912

906
906
908

907
906
906

903
903
898

900
901
892
8
90
889
890
89
8
898
899
898

896
900
899

900
901
904

902
904
905

906
906
906
9
06
906
906
9
07
907
907
907
9
06
906
850
77
1
698
630
56
9
518
474
436

405
379
355

344
342
341

342
345
348

353
360
368
3
79
390
402
41
5
428
440
453

466
478
490

502
513
523

533
543
553
562

569
576
5
82
588
593
599

603
607
611
6
15
617
619
62
2
622
621
619

616
612
608

604
600
595

592
590
588

585
584
583
5
82
582
582
5
82
583
584
58
6
588
590
592

594
596
597

598
600
600

600
601
601
602

603
603
603

604
604
605

606
605
606
6
06
605
604
60
3
602
600
598

597
595
593

589
586
582

578
575
571

567
564
561
5
59
558
557
5
56
557
558
56
0
562
565
568

571
574
576

578
580
581

582
582
583

582
582
582
5
82
581
582
582

583
583
584
5
83
584
586
58
9
591
595
598

602
607
612

617
623
627

633
639
644

649
653
657
6
60
661
661
6
61
660
658
65
5
653
650
646

643
639
635
630

627
623
619

615
612
610

608
608
606

605
603
602
6
01
600
599
5
98
597
596
59
5
594
593
592

592
591
590

588
587
586

585
584
582

582
582
582
5
83
584
584
58
6
587
588
58
9
590
591
591

591
591
590
589

588
588
587

586
585
584

583
582
581

580
580
579
5
79
579
579
5
79
579
578
57
8
578
577
577

576
575
574

573
572
572

571
570
570

569
568
567
5
67
567
566
56
6
566
567
56
8
569
571
572

573
574
575

576
578
579
581

582
583
584

584
584
584

584
584
583
5
83
582
581
58
1
581
580
58
0
580
580
580

580
581
582

584
586
589

592
596
601

606
611
616
6
22
626
632
63
7
641
644
64
7
650
652
653

653
652
651
649

647
645
642

640
637
635

631
628
625

622
619
616
6
14
611
609
60
7
605
604
60
3
602
601
600

599
598
597

595
594
592

591
590
589

588
586
585
5
83
581
580
57
9
578
577
576

576
576
577
57
8
578
579
581

582
583
584

586
587
588

589
590
591

593
594
595
5
97
597
598
59
8
598
598
59
8
598
598
599

599
599
599

599
599
598

597
596
595

594
592
591
5
91
590
589
58
9
588
587
586
58
5
585
584
58
4
584
585
585

585
585
586

586
587
587

587
586
587

586
586
586
5
86
586
585
58
5
584
583
583

582
582
581

579
579
578

576
576
575

574
573
572
5
71
570
568
5
67
566
566
56
6
568
570
573

576
581
586
59
0
597
603
608

614
621
626

631
636
639

641
642
643

643
642
641
6
40
637
634
63
1
627
622
618

614
610
605

600
596
592

588
585
583

580
579
578
5
76
575
573
5
73
573
573
572
5
72
571
570

571
571
570

570
570
569
569

569
570
570

570
570
570

570
570
570
5
69
569
568
5
68
568
568
56
8
568
569
569

569
570
570

570
570
569

568
567
565

563
560
558
5
56
554
552
5
50
549
546
54
5
544
543
541
54
2
541
541
540

541
541
541

541
541
541

540
539
538

538
538
539
5
39
540
540
5
40
541
541
54
2
543
544
544

545
546
547

547
547
547

547
546
546

545
544
544
545

545
545
545
5
46
547
548
5
49
551
553
55
5
559
563
567

572
577
583

589
594
600

605
610
615

618
621
623
6
25
627
629
6
29
628
627
62
5
624
621
617

613
610
606

603
599
595

591
588
586

583
581
580
580

579
578
579
5
79
579
579
5
80
580
580
57
9
579
578
577

577
576
575

573
572
572

571
571
571

570
569
569
5
69
569
568
56
9
569
569
56
9
569
568
567

567
567
566

566
566
564

563
561
560
559

557
556
5
56
555
554
55
4
552
552
551
5
50
549
548
54
7
547
546
545

545
545
544

544
543
543

542
541
541

540
540
540
5
40
539
539
54
0
541
541
54
1
541
541
541

542
543
543

543
544
543

545
545
546

547
548
550
552

554
556
557
5
58
559
559
55
8
557
557
55
6
555
555
555

555
556
556

557
560
562

566
570
575

581
587
593
5
99
604
608
61
2
614
616
617

617
615
612

609
606
601

596
594
595

595
595
594

593
591
589
5
86
583
580
577
5
74
570
567
56
4
562
560
55
9
558
557
557

556
556
555

554
553
553

551
550
550

550
549
548
5
47
546
545
54
4
544
543
541

540
540
540

539
538
538
539

540
541
542

542
543
544

544
544
544

545
545
545
5
44
544
542
54
1
540
538
535

533
530
527

525
524
524

523
523
523

523
524
526

528
530
532
5
36
538
540
54
2
545
546
548

549
550
550

549
552
555
559

561
565
566

568
569
570

570
569
568

566
565
563
5
61
558
556
55
4
553
551
549

548
546
544

543
542
540

539
538
538

538
538
540
5
43
546
550
5
56
562
569
57
6
583
590
597

604
609
614
61
9
622
623
623

623
621
619

616
612
608

603
598
593

587
582
577
5
73
568
564
56
0
557
554
551

549
548
547

546
546
546

546
545
545

544
544
544
5
43
543
542
5
42
542
542
54
1
542
542
544

544
545
546

547
548
549

550
551
553
554

555
555
556

557
557
558
5
58
558
559
5
59
559
560
56
1
563
564
566

568
569
574

580
588
593

597
598
599

598
595
589
5
82
576
570
56
4
558
553
54
8
545
541
539

538
537
537

538
539
540

542
543
544
546

548
549
551

553
553
554
5
55
556
557
5
57
557
556
55
6
555
553
552

551
550
549

548
546
544

543
541
541

540
539
539
5
39
540
542
54
4
546
549
55
3
559
564
571

579
588
595
602

609
615
619

623
626
628

629
630
628

627
623
619
6
14
608
603
59
6
590
584
57
8
572
566
561

556
552
548

545
542
540

538
536
535

533
533
533
5
34
534
535
53
6
537
538
53
9
540
541
542

543
544
544
545

544
545
546

546
548
549

550
550
550

550
550
550
5
49
548
548
54
7
547
546
54
5
545
544
543

542
541
540

539
538
537

536
535
534

532
532
530
5
30
529
528
52
7
527
525
525

525
524
524
52
4
525
526
526

527
528
529

530
530
530

531
532
532

533
533
533
5
33
533
533
53
4
535
536
53
7
538
538
539

541
541
541

541
541
541

540
539
538

537
537
536
5
35
534
534
53
3
533
535
537
54
0
544
550
55
6
563
570
577

584
591
596

601
606
608

611
613
613

613
611
608
6
05
601
596
59
1
587
582
577

573
569
565

561
558
554

551
549
547

546
544
543
5
44
544
544
5
44
544
545
545
5
45
546
546
54
6
546
546
54
5
544
543
542

541
541
540

539
539
538

538
538
539

540
540
541
5
42
543
544
54
3
543
543
543

544
543
543

542
543
543

542
541
541

540
540
540
5
40
540
539
5
40
541
541
54
2
542
542
542
54
2
541
541
540

541
541
541

541
542
542

542
544
544

544
545
545
5
45
546
545
5
46
547
548
54
9
550
550
551

552
552
552

553
553
553

553
553
553

552
552
551
5
50
549
550
5
49
550
550
549
5
50
550
551

552
554
557
560

564
568
573

579
586
593

600
607
613

619
623
627
6
29
630
631
6
29
627
625
62
1
616
612
605

599
593
588

583
578
574

569
564
560

558
554
552
5
51
549
550
55
0
551
552
552
5
53
554
556
55
6
557
558
558

559
559
559

559
559
558

557
556
555

554
553
552
5
52
551
551
5
51
550
550
54
9
549
549
550

550
551
551

550
550
549

548
547
547

545
544
544
5
43
542
541
54
1
540
540
540
5
40
540
541
54
2
543
545
546

547
548
548

549
550
550

551
551
553

552
554
555
5
56
556
557
55
9
560
562
56
3
565
566
567

568
569
570

570
572
572

572
573
574

573
573
572
571

569
567
565
5
63
560
558
5
56
554
552
54
9
548
547
545

545
546
547

549
553
557

562
568
574

582
590
600
6
09
618
628
63
6
644
650
65
5
658
660
661

661
659
657

653
649
644

638
632
626

619
611
604
597

590
583
577
5
72
567
562
55
9
555
552
54
9
547
547
547

547
548
549

549
550
549

548
548
547

545
544
542
5
40
538
536
53
5
533
531
52
9
527
526
524

523
522
521
521

521
521
522

523
524
526

528
530
532

533
534
535
5
37
538
539
54
0
541
541
54
2
543
543
543

543
544
545

545
546
545

546
547
547

548
548
548
5
49
549
549
54
9
549
550
549

550
550
550

550
551
551

552
553
553

555
556
557
557

558
559
559

560
561
562
5
63
563
564
56
4
564
562
56
2
561
560
559

558
557
555

553
553
552

552
552
552

552
552
551
5
52
552
553
55
4
556
559
561

565
569
574

580
587
596

605
614
623
631

638
645
651

655
659
660

660
658
654
6
49
644
637
63
0
623
614
607

600
593
587

581
577
572

568
565
562

560
559
558
5
59
559
560
5
62
563
564
56
6
567
569
570

570
569
569

568
567
566
565

565
563
561

559
558
556

555
553
550

548
547
546
5
46
545
544
54
4
543
544
545

545
546
545

545
545
543

542
541
541

541
542
543
5
43
543
543
5
44
544
543
54
3
543
542
541

540
540
540

541
542
542

543
543
544
545

545
545
545

546
547
547
5
48
549
550
5
51
552
552
55
2
552
553
553

553
552
551

549
549
548

547
546
546

545
546
546
5
47
547
546
5
47
546
546
54
4
544
543
543

543
543
542
542

543
545

547
550
555
561

567
574
581

588
596
603
6
11
618
624
6
30
634
638
64
1
643
643
641

639
636
631

626
621
614

607
600
593

586
579
572
5
66
560
555
55
1
547
544
54
1
539
536
534

533
532
530

528
527
526
525

524
523
522

521
519
519

518
518
518
5
18
519
518
5
18
518
519
51
9
520
521
522

523
525
526

527
529
529

531
533
534

534
535
535
5
34
534
534
53
3
533
533
53
1
531
529
528

527
526
526
525

526
526
527

527
528
530

530
531
533

533
534
535
5
35
536
537
53
8
538
538
53
9
539
540
540

541
542
543

543
544
544

543
542
541

540
539
538
5
38
537
537
538
5
37
537
538

538
539
539
53
9
540
540

539
539
539

538
537
537
536

536
535
535

535
537
539
5
42
546
551
55
9
567
576
58
6
597
608
619

629
639
647

655
662
667

670
672
674

672
670
666
663

658
654
649
6
43
638
631
62
3
616
608
60
2
596
591
584

579
575
572

570
569
568

568
569
571

572
573
573
5
73
572
570
56
8
565
561
554

551
552
561

568
574
575

578
577
572

572
580
590

599
606
609
611

610
609
606
5
99
593
593
59
0
579
566
56
0
556
549
547

542
534
527

520
518
517

512
507
506

507
501
493
5
04
493
517
54
2
561
599
592

582
590
632

637
656
702

718
744
749

738
713
703
6
96
674
645
6
20
599
579
55
8
537
522
509
49
7
486
476
468

458
445
428

429
427
427

437
432
444

459
509
516

527
575
678
7
62
783
766
73
0
685
636
587

541
500
466

436
413
394

380
370
365

363
366
371
3
80
391
407
426

446
467
48
9
511
533
553
57
2
590
604
617

627
635
641

644
646
645

643
639
634

627
620
614
6
07
599
590
5
82
574
566
55
9
553
546
540

535
531
528

525
524
524

523
524
525
526

526
526
5
26
525
524
523

522
521
52
2
526
529
530
52
9
527
515
507

525
573
628

664
769
838

853
833
811

783
743
705
6
83
671
641
6
15
595
606
62
1
632
614
579

559
530
561

639
665
666

647
617
590

568
550
532
515

498
487
482
4
82
488
499
5
13
529
545
56
1
575
587
595

603
606
608

608
608
606

602
597
591

583
575
568
5
61
552
543
53
5
528
521
51
4
509
505
502

499
496
495

494
494
494

495
495
495
496

497
498
498

499
501
502
5
03
505
506
5
08
510
513
51
6
521
527
535

547
541
497

526
570
533

543
553
635

771
900
906
9
07
907
822
67
8
542
422
32
0
236
168
116

78
59
45
39

40
45
56
71

90
113
145

179
216
254
292

330
368
404

439
471
501
5
29
554
576
5
96
612
625
63
4
642
647
649

650
648
646

642
637
631

625
619
613

607
601
595
5
90
585
580
5
76
572
569
56
7
564
563
562

562
561
561

561
561
559
559

558
558
557

557
558
558

559
560
561
5
61
563
563
5
65
566
566
56
7
568
568
569

570
571
572

573
575
575

576
577
578

578
579
579
5
79
578
578
57
7
576
575
57
2
572
570
569
56
7
564
561

559
557
556

555
555
554
554

554
554
555

555
557
558
5
60
562
564
5
67
570
573
57
4
563
567
587

613
641
668

693
718
741

763
784
806

826
846
865
8
83
904
905
90
6
907
907
90
7
908
908
908

908
907
897

892
887
883
881

880
880
880

882
884
888

894
902
908
9
08
908
908
90
8
908
908
90
8
908
908
908

908
908
908

908
908
908

908
908
908

908
908
908
9
08
908
894
88
2
871
859
848
8
38
828
819
81
0
802
793
786

779
772
765

758
751
744

736
728
722

715
708
702
6
95
688
681
67
4
667
660
65
3
647
641
634

629
624
619

615
611
609

605
602
599

596
594
593
5
91
588
583
57
7
575
567
571

582
595
608
61
9
629
637
644

649
652
652

652
650
649

647
644
642

638
633
629
6
24
618
613
60
8
602
596
59
0
584
579
573

568
563
559

556
554
555

557
562
571

583
600
620
6
46
674
707
74
3
780
818
857
89
5
903
903
90
3
903
903
903

903
903
903

903
903
903

903
903
903

903
903
903
9
03
903
903
90
3
903
903
903

903
903
903

903
902
872

849
825
802

779
755
732
7
09
687
666
6
45
625
607
58
9
573
559
546

535
526
518
51
3
509
506
504

505
506
508

512
516
520

525
530
535

541
546
552
5
56
560
563
56
5
567
568
567

567
565
563

560
557
553

549
545
541

537
533
529
525

522
519
5
16
513
511
50
8
507
505
504
50
3
501
499
499

498
498
498

498
498
499

499
500
500

501
501
502
5
03
503
504
5
06
507
508
50
8
509
509
510

511
512
512
512
512
512

512
512
513

513
513
514
514

514
514
514

515
515
516
5
17
519
522
52
7
535
545
557

574
593
618

646
678
713

750
788
827

863
898
903
9
03
903
903
9
03
903
903
90
3
903
903
903

903
903
903

903
903
902

903
903
877

851
825
799
776

753
731
712
6
94
677
663
6
50
638
629
61
9
611
602
595

587
580
573

567
561
555

549
544
539

535
531
527
5
23
522
520
5
19
518
519
52
0
521
523
525

528
530
532

535
537
539

541
541
542

542
541
540
5
39
537
536
533
5
29
526
522
5
18
513
509
50
5
501
497
493

490
487
484

481
479
478

477
475
475

476
476
477
4
77
477
478
47
9
483
491
49
9
507
515
521

526
530
533

535
536
536

536
535
534

532
529
528
525

523
520
518
5
16
513
511
5
08
505
503
50
1
499
497
495

493
492
490

488
487
487

488
492
496

503
514
527
5
44
565
590
61
8
648
682
71
7
752
787
820

850
877
899
902

902
902
902

902
902
902

902
902
9
02
884
862
839
8
15
790
764
74
0
716
693
67
1
651
633
616

602
590
578

568
560
554

549
544
541

537
533
530
5
28
525
524
52
3
522
521
521

520
521
521
52
2
522
524

525
528
529
532

535
538
541

543
545
547

548
549
550
5
50
549
547
54
4
538
531
52
6
520
512
508

517
529
537

543
544
542

539
534
530

525
520
515
5
10
505
501
49
7
494
492
490

489
488
481

470
431
408
454

492
505
545

576
583
588

586
581
575

571
566
564
5
61
556
552
54
9
545
537
523

514
515
526

546
561
586

599
604
605

606
604
602

599
596
593
5
94
598
604
61
4
626
644
665
68
9
718
748

775
804
833
857

875
893
900

900
900
901

900
901
902

902
903
900
9
03
902
889
86
7
847
827
790

778
772
755

751
752
747

739
728
719

711
701
692
6
82
671
660
6
50
639
629
62
0
612
606
600

595
590
588

586
584
583
584

585
587
590

594
598
603

606
610
613

615
616
617
6
18
616
614
61
1
606
601
594

587
579
570

560
551
542

532
522
512

500
488
479
4
70
463
457
4
52
451
449
44
7
448
449
452

460
464
467
471

476
482
488

494
501
507

513
517
523

527
532
540
5
48
554
560
5
63
564
565
56
6
568
569
570

570
568
566

565
564
565

568
573
578

582
585
587
5
89
590
591
59
3
597
602
61
0
622
635
651
67
1
693
716
742

770
798
827

855
882
904

905
905
905

905
905
905
9
05
905
905
9
05
905
905
90
6
905
905
905

894
877
860

842
826
810

793
778
764

750
739
730
7
22
715
708
70
3
697
690
684
6
79
672
666
65
9
652
643
635

626
617
608

599
591
584

577
571
566

563
561
562
5
61
556
554
55
5
554
551
54
9
547
552
564

576
578
574

565
555
542

527
512
499

487
477
469
4
62
456
452
45
0
449
449
45
0
452
455
458

462
467
472
479

486
494
502

510
518
527

534
542
551

560
569
576
5
84
590
595
59
8
601
601
60
0
600
599
599

600
600
597

594
591
586

581
574
568

560
552
543
535

527
517
511
5
03
498
494
49
2
492
495
50
2
512
525
541

561
582
605

629
654
678

701
721
727

718
719
709
7
22
746
773
79
8
818
831
83
9
842
841
874

893
882
855

816
773
726

679
634
592

554
519
488
462

439
420
404
3
92
383
377

372
371
370
37
1
375
378
384

390
397
405

412
420
426

432
438
443

449
454
458
4
64
468
471
47
5
478
480
483

485
487
487

487
487
486

484
483
480

478
475
472
469

466
463
4
61
458
454
452
4
49
447
446
44
6
446
447
44
8
450
452
454

459
462
466

470
476
480

485
490
495

499
504
508
5
12
517
521
52
5
529
531
534

536
538
539

540
541
541

542
541
541

539
539
538
5
38
539
541
545

550
558
569
5
82
598
617
63
8
659
683
706

729
751
770

786
801
812

819
823
824

820
814
805
7
92
778
762
7
44
725
704
68
3
664
644
624

607
590
575

562
552
543

536
531
529
527

526
527
528

530
533
536

539
541
544
5
47
549
552
55
4
557
559
562

565
569
573

576
581
587

591
597
602

607
613
617
6
21
625
627
6
29
630
631
63
0
628
625
621

615
610
604

597
591
583

575
568
561
553

546
539
533

527
523
519
5
15
513
511
5
11
510
508
50
7
507
506
507

507
508
509

510
511
511

512
512
513

514
515
516
5
18
519
519
5
19
519
519
51
7
517
516
515

515
514
512

509
507
504

502
500
499
498

500
504
510

519
530
545
5
62
582
604
6
28
653
679
70
4
728
751
770

788
803
815

822
826
825

822
815
806

795
782
767
7
51
733
716
69
8
680
663
64
7
633
619
607

596
588
581

576
573
570

567
567
567
567

566
565
5
64
562
560
558
5
55
552
549
5
45
540
536
53
1
528
524
519

515
512
509

505
503
501

500
499
500

495
494
499
5
05
511
516
52
0
523
525
52
6
526
522
518

515
509
491

485
473
533
605

662
701
721

733
740
745

750
753
755
7
57
759
760
10

19
13
21
1
1
8
7
6
6
5

4
387
557
6
25
678
709
72
6
737
743
74
8
752
750
755

758
760
762

763
765
766

768
769
770

771
771
772
7
73
773
774
774
7
61
747
0
0

0
0
0
0
0
0

0
0
0
0
0

0
0
0
0
0

0
0
0
0
0

0
0
0
0
0
0

70
342
647

907
909
909
9
09
909
909
9
09
909
909
90
9
909
909
909

909
909
909

909
909
909

909
909
909
909

909
909
909

909
909
909
9
09
909
909
9
09
909
909
83
7
761
687
616

550
488
432

380
335
294

258
229
205

183
166
153
1
43
138
135
1
36
138
142
14
9
157
166
176

186
196
206

217
228
237

247
257
265

273
280
286
291

296
300
305
3
08
311
314
3
18
320
323
32
6
329
333
337

341
345
349

353
357
360

364
368
372

375
378
381
3
84
387
390
39
2
394
396
39
7
398
400
401

402
403
403

403
404
405
407

409
412
416

421
427
435

442
451
462
4
72
483
494
5
05
516
525
53
5
543
550
556

561
563
565

566
566
564

562
559
556

551
547
541
5
35
529
522
51
7
511
506
50
1
497
494
490

487
484
481
478

476
474
470

468
466
464

462
461
460

459
459
462
4
64
467
471
47
7
484
491
49
9
508
517
527

537
547
557

566
575
584

593
601
609

616
624
630
6
37
644
650
65
7
662
667
672

675
677
679
68
0
681
681
680

678
676
673

670
667
663

658
654
650

645
641
638
6
34
630
626
62
2
619
616
61
3
611
608
606

605
604
602

602
601
601

602
602
603

603
602
602
6
02
602
601
60
1
601
602
602

602
602
602
60
4
605
607
610

614
620
626

635
645
657

672
687
705

722
741
760
7
79
799
817
83
5
851
867
88
1
893
901
907

908
909
908

902
895
886

875
863
850

836
821
806
7
92
778
763
75
0
738
726
715

705
696
687
67
9
673
667
662

657
652
648

644
641
638

635
633
631

629
627
625
6
25
623
622
62
1
621
619
618

618
618
617

617
617
618

618
618
617

616
616
615
6
13
612
610
6
08
607
604
60
1
598
594
591
58
8
584
580

576
573
570
568

565
563
561

559
557
555

553
551
550

549
548
548
5
47
546
546
54
5
545
545
545

545
546
547

546
547
547

548
549
549

548
548
548
5
47
546
545
544

544
542
54
1
541
540
540
54
1
543
547
551

558
566
575

587
601
616

632
650
669

688
707
725
7
43
760
775
7
89
800
809
81
5
819
821
820

817
812
805

797
788
778

766
755
745

734
724
715
7
06
697
691
68
4
678
673
66
8
665
661
659

657
656
656
655

654
654
652

651
651
649

648
645
644

642
640
638
6
36
634
632
6
29
627
626
62
3
622
621
620

619
618
618

616
616
614

613
611
611

608
606
604
6
01
597
594
59
1
588
585
582
5
79
576
573
56
9
566
563
561

559
556
553

551
550
548

546
545
545

545
545
545
5
47
553
560
5
66
571
575
57
8
581
581
582

582
582
580

579
577
576

574
571
569

566
564
562
5
60
558
555
55
2
549
546
544
5
41
539
539
54
0
542
546
551

558
567
578

591
606
622

639
657
676

694
712
729
7
46
760
772
78
2
791
797
80
1
802
802
800

797
791
785

777
768
759

749
738
728

718
708
698
6
90
681
672
66
6
660
655
650
6
46
643
639
63
6
633
630
626

624
622
619

616
614
610

606
602
598

595
591
588
5
85
582
579
57
7
576
575
57
3
573
573
573

572
573
573

574
574
574
574

574
574

573
572
572
570

569
567
565
5
63
561
559
55
7
554
552
55
0
548
547
545

543
542
541

540
539
540

539
539
539

540
539
540
5
41
541
542
54
3
544
545
546

547
548
548

549
550
550

551
551
552

552
554
555
555

556
556
557

558
559
560
5
61
561
561
56
1
560
559
55
8
557
556
557

558
560
563

568
574
582

591
602
616

630
646
663
6
81
699
717
73
5
751
766
779

791
801
808

814
819
819

818
814
807

799
790
780
7
68
756
744
7
31
719
707
695
6
84
674
665
65
6
648
641
635

630
625
621

617
615
612

610
607
604

601
598
594

590
587
585
5
82
580
578
57
6
575
574
573

573
573
573

573
573
573

573
574
575
575

575
576
576

576
576
576

576
575
574
5
73
572
571
57
0
570
569
568

567
565
564

563
562
561

560
560
560

560
560
561
5
61
562
564
5
64
565
567
56
8
571
573
575

577
580
582

584
587
589

591
592
594
596

597
598
599

599
600
600

601
601
601
6
02
601
601
60
0
599
598
597

596
595
594

592
592
591

590
589
590

589
591
593
5
97
601
606
6
13
622
632
64
3
656
671
686

703
720
737

754
772
788

803
816
829
838

847
853
857

859
858
855
8
50
844
837
8
29
819
809
79
7
786
774
763

753
743
733

724
717
709

703
697
691

686
682
678
6
74
671
669
66
7
664
662
65
9
657
654
651

649
648
646
644

643
642
641

640
639
639

638
639
640

640
641
642
6
43
642
643
6
45
645
645
64
5
645
645
643

642
640
639

637
635
632

631
629
626

624
621
619
6
16
613
611
60
8
605
602
59
9
597
594
592

589
588
586

585
584
584
583

582
582
581

581
581
581

581
580
581
5
81
581
582
58
3
584
584
58
4
585
586
587

587
587
588

588
589
589

588
589
590

589
589
589
5
90
592
595
599
6
04
612
62
0
631
643
657

672
688
704

720
738
756
771

786
801
813

824
832
838

842
844
844
8
42
838
833
82
6
819
811
80
2
792
782
772

762
753
743

735
726
719

712
706
701

696
692
688
6
85
681
679
67
5
673
670
667

665
664
662
66
1
661
661
661

661
662
662

662
663
663

663
663
664

663
663
662
6
62
661
660
65
9
657
655
65
4
653
652
651

650
650
649

648
646
645

643
641
639

637
635
632
6
30
627
625
62
2
619
617
614

612
609
606
60
2
600
597
595

593
591
589

586
585
583

581
579
578

576
575
574
5
73
573
572
57
2
572
572
572

572
572
572

572
572
572

571
571
570

568
566
563
561

559
556
5
56
554
553
55
3
554
555
559

563
570
578

587
599
612
627

642
659
676

693
710
725

740
753
764

773
779
783
7
86
785
782
77
8
771
763
754

744
733
721

710
699
687

676
666
658

649
641
635
6
30
625
622
6
19
617
616
615
6
14
613
612
61
2
612
611
610

609
607
607

605
604
602

601
599
598

596
596
596
5
95
596
596
5
97
598
599
60
0
601
602
602

604
603
603

602
602
601

599
598
597

594
592
590
5
88
585
583
5
81
579
578
576
5
76
575
574
57
3
572
571
569

568
567
567

566
566
566

567
568
567

568
569
571
5
72
574
575
5
77
579
581
58
2
585
586
588

589
591
591

592
593
593

592
593
594

594
594
594
5
94
594
593
593
5
92
592
59
0
590
588
586

586
585
585
586

588
593
599

607
616
628

640
655
671

688
706
723
7
40
756
769
7
82
795
805
81
3
820
822
823

822
819
813

806
797
786

774
762
749

737
724
710
696

683
671
659
6
49
639
631
6
23
617
611
60
6
602
598
594

590
585
578

573
568
562

556
550
543

539
537
535
5
32
529
525
52
1
518
515
51
2
508
500
495

493
494
499

506
512
517

521
523
526

526
526
525
5
23
519
512
503
4
62
457
474
5
32
563
568
56
2
543
503
461

440
407
370

521
598
658

698
720
734

742
0
1
0
0

0
0
0
0
0

0
0
0
0
0

0
0
0
0
0
0
0

0
0
0
0
0

0
0
0
0
0
0

86
196
323

438
540
630

708
771
822
8
61
890
908
90
9
909
909
90
9
900
885
868

850
834
816

799
783
765

751
738
728

721
716
710
7
04
700
696
68
9
688
694
69
5
662
565
635

735
771
775

762
742
716

689
668
646

624
603
585
569

555
543
53
4
527
523
520
51
8
517
517
51
9
520
522
524

525
521
522

516
484
337

154
146
312

515
721
910
9
11
911
910
91
0
910
910
910

910
910
910

910
910
910

910
910
911

910
910
910
909

531
606
665

704
725
737
7
46
752
754
76
0
763
766
76
8
770
773
775

776
778
779

781
782
783

784
785
786

787
7j
0
0

0
0
0
0
0

0
0
0
0
0
0

0
0
0
0
0

0
0
0
0
0

0
0
0
0
0

0
0
0
0
0
0
0

0
0
0
1
1

1
1
1
1
1

1
1
1
1
1
1

1
108
323
5
15
686
834
9
09
909
909
90
9
909
909
909

909
909
909

909
909
909

909
909
910

823
573
639
6
88
717
732
74
2
749
754
75
9
762
765
768
77
0
772
774
776

777
779
781

782
783
784

786
787
788

789
790
791
7
92
793
794
79
5
796
797
79
8
798
799
800

800
801
802

802
803
804

804
805
806

806
807
807
8
08
808
809
809
8
10
810
811
8
11
812
812
81
3
813
814
814

815
815
815

816
816
816

816
817
817

818
818
818
8
19
819
819
81
9
820
820
82
0
820
820
820

9
9
8
8
8

8
8
8
7
7

6
5
5
5
5

4
4
4
4
3
3

2
2
2
445

909
909
909
909

909
909
909

909
909
909
9
09
909
909
90
9
909
909
90
9
909
909
909

909
909
909

909
909
909

909
909
909

909
909
909
9
09
909
909
90
9
909
909
909

909
909
909

909
910
910
910

910
910
927

586
649
696

721
734
743

750
755
759
7
62
765
768
77
0
772
774
775

777
779
780

781
783
784

785
786
787

788
789
790
7
91
792
793
7
93
794
795
79
6
796
797
797

798
799
799

800
800
801
801

802
803
803

804
804
805

805
805
806

806
807
807
8
08
808
808
80
9
809
810
810

811
811
811

811
812
812

812
813
813

813
813
814
8
14
815
815
8
15
815
816
81
6
816
218
452

500
528
550

441
495
524

546
566
585

603
620
636
651

665
675
692
0

0
0
0
0
0

0
0
0
0
0

0
0
0
346
9
08
909
909
90
9
909
909
90
9
909
909
909

909
909
909

909
909
909

909
909
909

909
909
909
9
09
909
909
909
9
09
909
909
9
09
909
909
90
9
909
909
909

909
909
909

909
909
909

909
909
909

909
909
909
9
09
909
909
90
9
909
909
90
9
909
909
909

909
909
909

909
909
909

909
909
909
909

909
909
9
09
909
909
90
9
909
909
909
90
9
909
909
90
9
909
908
908

909
908
908

909
908
909

909
908
908

908
908
908
9
08
856
792
73
3
677
624
57
5
531
492
456

426
402
381

364
352
342

337
334
334

335
338
343
349

354
362
371
3
80
388
398
40
9
419
428
43
6
445
452
459

466
474
480

486
493
497

502
506
511

512
515
516
5
17
518
519
52
0
521
521
521

522
522
521

521
521
521

521
520
519
518

518
517
516

515
514
5
14
513
513
513
5
15
517
519
52
3
527
532
53
8
545
553
560

568
576
584

592
600
606

612
616
620

623
624
625
6
24
623
622
62
0
617
615
611

608
604
601

598
594
591

589
587
585
583

581
581
579

578
578
577

577
576
576
5
76
576
575
57
4
573
572
571

570
569
567

566
565
564

563
562
562

562
562
563
5
63
565
566
5
67
567
567
56
7
568
569
569

570
569
568

568
569
569

569
569
568
567

567
567
565

564
564
564

563
562
561
5
61
561
561
56
2
562
562
561

560
559
557

555
553
550

549
546
544

542
542
541
5
40
539
538
5
37
537
537
53
7
537
537
537

538
538
538

539
540
540
539

540
541
541

542
543
543

543
542
542
5
41
540
539
5
38
537
537
53
7
538
538
538

539
541
542

544
549
554

559
565
572

579
586
594
6
01
609
615
6
21
626
631
63
5
638
641
643

644
644
643

642
640
637
633

629
626
621

616
610
607

602
598
595
5
92
590
589
5
88
587
586
58
5
584
582
582

581
581
580

579
579
577

576
575
574

572
571
571
5
70
568
567
56
6
566
566
56
5
566
567
567
56
8
570
570

570
571
571

572
573
574

575
576
575
575

573
572
570
5
69
567
566
5
64
562
560
55
7
555
553
550

548
547
544

542
541
540

539
538
538

537
537
537
5
37
536
536
53
7
538
538
53
8
539
540
541

542
543
543
545

545
546
547

547
548
548

548
548
549

548
548
547
5
47
547
547
54
6
545
545
54
4
543
542
541

540
539
538

537
537
537

537
538
539

542
545
548
5
52
556
560
56
7
574
581
588

596
603
611

617
624
631
636

640
643
645

646
646
645

643
641
638

635
631
627
6
23
619
614
61
0
605
602
59
8
595
592
589

587
585
584

583
581
581

581
580
579

579
578
577
5
76
575
574
57
4
573
572
571

571
570
568

568
567
567
567

567
567
568

570
571
571

572
573
575

575
576
576
5
76
576
577
57
7
576
575
574

572
569
567

565
564
562

561
559
558

557
555
553

552
551
550
550

549
548
54
7
547
547
547

547
547
548

548
549
549
548

549
549
549

549
550
550

551
551
551

552
552
551
5
52
552
552
55
2
552
552
551

551
551
550

550
550
550

550
550
550

549
549
550
5
50
550
551
5
52
554
557
56
0
565
571
578

584
592
599
60
7
615
623
631

638
646
652

656
660
662

663
664
662

660
656
651
6
46
641
635
63
0
624
619
614

610
606
602

599
598
596

594
594
594

595
595
595
5
95
595
595
594

594
593
59
2
592
591
589
58
9
588
587
587

587
588
590

593
595
598

602
607
612

619
624
631
6
37
643
648
6
54
658
662
66
5
667
669
670

671
670
669

667
666
664

661
657
654

651
647
645
6
42
638
632
62
7
620
613
60
5
597
589
581
57
2
564
557
550

544
539
535

532
530
529

528
531
533

534
537
539
5
42
545
549
5
53
557
561
56
5
568
571
574

577
579
579

578
578
575

572
569
565

560
555
551
5
48
544
542
54
0
539
539
540
5
42
545
550
55
7
566
574
585

595
607
619

631
643
654

665
676
685

693
699
704
7
07
709
710
70
9
706
702
69
7
692
685
678

671
665
658

653
647
643

639
637
636

636
636
637
6
39
640
642
64
5
647
650
65
1
654
656
657
65
8
660
660
660

660
659
658

657
657
656

654
652
649

645
641
637
6
33
629
624
62
1
617
613
61
1
609
608
607

607
607
607

607
609
609

611
612
615

617
619
622
6
26
630
635
64
0
647
652
658

664
669
673
67
7
681
683
685

686
687
687

688
688
687

686
684
682

678
675
672
6
68
665
661
65
6
652
648
64
3
640
635
631

627
623
619

615
611
607

603
599
595

592
589
587
586

586
586
585
5
85
585
585
58
4
583
583
58
2
582
581
581

580
582
583

586
589
593

598
605
615

627
641
655
6
71
687
698
71
6
735
751
767

783
792
798

807
817
824

829
831
831

827
823
817
810

802
793
784

773
763
753
7
44
736
731
72
6
720
712
70
5
699
692
687

682
679
677

674
672
671

669
668
668

667
666
664
6
47
639
642
65
0
656
662
667

671
675
677

678
678
677

676
674
671
667

662
656
649

638
626
625

626
630
633
6
36
641
643
64
1
640
634
626

619
603
596

588
596
602

651
707
441

364
903
909
9
09
909
908
9
10
1
185
646

524
563
628

332
430
566

623
679
712
7
29
13
3
475

579
0
0
0
0
0

0
192
487
68
0
809
895
909

909
909
909

909
906
894

880
893
887

876
854
829
8
02
773
747
71
5
691
682
650

611
579
548

514
479
448

421
400
348

331
304
257
3
86
270
191
2
25
502
791
889
8
90
888
897
89
9
903
904
90
5
905
905
905

905
904
883

779
829
892

884
889
896

545
615
671
7
07
726
737
74
4
750
754
758

760
762
763

765
766
767

759
732
0
0

0
0
0
0
0

1
8
10
26
5
21
580
642
690
7
17
732
741
74
8
752
756
760

764
766
769

772
774
776

778
779
781

0
0
0
0
0
0

0
0
0
0
0

0
0
0
0
0

0
289
909
90
9
909
910
909

910
910
910

910
910
910

910
910
910
910

910
910
910

910
910
910

909
910
910
9
10
928
927
62
4
0
763
909

909
909
910

909
909
909
9
07
907
906
90
8
907
908
90
8
908
908
908

909
909
910

910
910
910

910
910
910
910

910
910
910

910
910
91
0
910
910
910
91
0
910
910
90
9
909
909
910

927
575
638

687
715
730

739
0
0
0
5
35
913
914
91
6
912
908
909

910
904
907

910
911
898

928
928
929

929
929
932
9
35
937
740
746

751
754
75
5
758
758
761

763
765
0
0

0
0
0
0
0
91
8
919
919
928

929
928
927

918
919
919

928
928
929

929
929
928
7
33
742
0
466

918
918
919

919
919
919

918
918
918
9
18
918
918
91
8
918
918
918

918
918
918

918
918
918
918

918
918
918

918
918
918

918
918
918

918
918
918
9
18
918
918
91
8
918
918
91
8
919
918
919

919
919
918

918
919
918

918
919
918

919
918
918
9
19
918
918
91
8
918
918
918

918
918
918
91
8
918
918
918

918
918
918

918
918
918

918
918
918

918
918
918
9
18
918
918
91
8
918
918
919

918
918
918

918
918
918

918
918
918

918
918
918
9
18
918
918
9
18
918
918
91
8
918
918
918
91
8
918
918
91
8
918
918
918

918
918
918

918
918
918

918
918
918

918
918
918
9
18
918
918
91
8
918
918
918

918
917
917

917
918
917

917
917
917

917
917
918
9
18
918
918
9
18
918
918
918
9
18
918
918
91
8
918
918
917

917
917
917

917
917
917

917
917
917

917
917
917
9
17
917
917
9
17
917
916
91
5
916
916
916

916
916
927

928
928
928

928
930
933

729
736
741
7
45
748
751
7
54
757
758
760
7
61
763
764
76
6
767
769
771

772
0
0
0

0
0
0
0
0

0
0
0
0
0
9
17
917
918
91
8
918
918
91
8
918
918
918

918
918
918

917
914
914

916
917
918

918
918
918
9
18
918
918
91
8
918
918
918

918
918
918
91
8
918
918
918

918
918
918

918
918
918

918
918
917

916
908
907
9
07
908
909
90
9
910
910
91
1
910
905
901

889
884
892

896
898
900

902
904
907

909
910
911
9
12
912
912
91
2
912
912
912
91
2
912
913
91
2
913
913
914

915
915
915

915
916
916

916
916
916

916
916
916
9
16
916
916
91
6
916
917
917

917
917
917

917
917
917

917
917
918

918
919
919
9
19
919
918
919

919
919
919
9
19
919
919
91
9
919
918
91
9
919
919
919

919
919
918

919
919
919

918
918
918

918
918
918
9
18
918
918
91
9
918
919
918

918
918
918

918
918
918

919
918
918

918
919
919
9
18
919
918
9
18
919
918
91
9
919
919
919

919
919
919
919

919
919
919

918
918
918

918
919
918

918
918
919
9
18
919
918
9
19
918
918
91
9
918
919
919

919
919
919

919
919
919

919
919
918

918
918
918
9
19
919
918
9
18
918
918
918
9
18
918
918
91
9
918
918
918

919
919
918

918
918
918

918
918
918

918
918
919
9
18
918
918
9
18
918
918
91
8
918
918
919

919
919
919

919
919
919

919
919
919

919
919
919
9
19
919
919
919
9
19
919
919
9
19
919
919
91
9
919
919
919

919
919
919

919
919
919

919
919
919

919
919
918
9
19
919
918
9
19
918
919
91
9
918
918
919

918
918
918

918
918
918

918
918
918
918

918
918
918

918
918
918
9
18
918
918
9
18
918
918
91
8
918
918
918

918
918
918

918
918
918

918
918
918

918
918
918
9
18
918
918
91
8
918
918
91
8
918
918
918

918
918
918

918
918
918

918
918
918
918

918
918
9
17
918
918
917
9
17
917
918
9
18
917
918
91
8
917
917
917

917
917
917

917
917
917

917
917
917

917
917
918
9
17
917
917
91
7
917
917
91
7
917
917
917

917
917
917

917
918
917

917
918
917
917

918
917
917

917
917
918
9
17
917
917
91
7
917
917
91
8
918
918
918

906
911
912

913
913
905

903
882
904

903
913
905
9
06
905
905
90
5
904
904
903

904
901
912

906
905
903

903
899
913
913

913
913
914

926
916
916

915
915
914
9
13
913
912
91
3
912
914
92
0
919
915
915

915
913
914

915
915
916

916
916
916

916
916
916
9
16
916
916
91
6
916
917
917

917
917
916

915
917
917

916
916
878
885

892
765
664

587
522
464

415
341
294
2
98
250
89
6

5
5
5
0
439

0
0
0
0
0

0
85
218
397

599
819
915

915
915
915

915
915
915

916
916
916
9
16
916
916
91
6
916
916
91
6
916
916
916

916
916
916
916

916
916
916

916
916
916

916
916
916

916
916
916
9
16
916
916
91
6
916
916
91
6
916
916
916

916
916
916

916
916
916

916
916
916

916
916
916
881

839
797
75
9
722
688
655
6
27
600
577
55
7
541
527
516

507
501
496

494
493
495

497
501
506

512
518
525
5
32
538
545
55
1
557
562
56
7
571
577
580

583
586
588

590
591
592

593
593
593

593
592
590
5
90
590
590
59
0
590
591
590

591
590
590

589
590
590

590
591
592
593

594
596
597

597
597
599

599
600
600
6
01
601
600
59
9
598
596
595

593
591
590

588
587
585

583
581
580

577
577
575
5
75
574
574
5
75
575
577
57
9
581
583
584
58
7
586
592
60
3
611
617
622

625
625
623

621
619
615

613
610
607

604
601
597
5
94
591
587
58
4
581
579
576

575
573
571

570
570
568

568
567
567

567
567
568
5
68
568
567
5
67
567
567
567
5
68
568
568
56
8
569
569
570

571
572
573

574
574
574

574
573
573

572
573
572
5
72
572
570
5
70
570
568
56
8
568
568
567

566
565
564

563
562
561

561
560
559

559
55