78
0
774
769
76
3
757
752
748

745
742
739

737
735
733

732
730
729

729
727
724
7
24
725
725
72
7
730
732
735
7
38
742
745
74
8
752
755
758

761
764
766

767
769
770

772
772
772

773
773
773
7
72
773
772
77
1
771
771
77
0
770
769
769

768
768
768

768
768
768

768
768
768
769

769
770
7
71
772
773
77
2
773
774
774
77
4
774
774
77
4
774
773
773

773
772
770

770
770
770

770
770
769

769
769
768
7
67
766
765
76
4
764
764
763

764
763
762

761
761
761
760

760
760
760

760
762
761

761
762
764

764
764
764
7
66
766
765
76
5
768
770
77
1
772
772
774

776
776
774

774
775
774

774
774
774

774
773
773
7
72
773
772
77
1
771
770
769

768
768
767

766
766
765

763
763
763

763
763
762
762

761
761
761

761
760
760
7
60
759
759
75
9
759
759
760

760
761
761

762
762
763

763
763
763

764
763
763

764
764
765
7
65
767
768
76
9
769
769
769

770
771
770

770
771
771
771

770
771
772

771
772
771

772
772
772

773
773
772
7
72
772
772
77
2
772
772
772

772
772
772

772
772
772

772
772
772

772
772
772
7
72
772
771
7
72
772
772
77
2
773
772
772

773
772
772

772
773
774

773
773
774

773
773
773
772

772
772
77
1
771
770
769
7
69
769
769
76
9
769
769
769

770
770
771

771
772
772

772
772
773

773
773
773
7
73
774
773
7
73
773
773
77
3
773
773
774

774
775
775

775
776
776
776

776
776
775

775
775
776

776
775
775
7
75
775
774
7
74
773
774
77
4
774
774
774

774
773
773

774
775
775

775
775
775

776
776
777
7
77
778
778
7
78
779
779
77
8
780
780
780

780
780
780

780
780
779

779
779
779
779

779
779
780

780
779
780
7
81
780
781
7
81
780
780
77
9
780
780
780

781
781
781

780
781
780

779
778
778

777
776
776
7
76
775
775
77
5
774
774
77
4
774
774
773

774
774
774

774
774
775
774

774
774

774
774
774
775

775
775
775
7
75
775
774
7
73
773
772
77
1
772
771
770

769
770
769

768
767
767

766
766
766

766
766
766
7
67
766
766
767
7
67
766
76
6
766
765
765

764
764
763

763
763
763
763

763
762

762
762
761
762

761
761
760
7
60
760
760
76
0
760
760
76
0
760
759
760

760
761
760

760
761
761

762
763
764

764
764
764
7
65
765
765
76
6
766
767
766

766
765
765
76
4
765
764
764

765
766

766
766
767
767

767
768
769

769
770
771
7
72
774
774
77
5
776
776
77
6
777
778
779

779
780
780

781
781
782

782
781
782

782
782
782
7
82
781
781
78
1
780
779
779
77
8
778
777
77
7
777
776
777

777
777

777
777
777
777

776
776
776

776
776
775
7
75
775
775
77
6
776
776
77
6
777
777
777

777
777
777

777
777
778

778
779
779

779
779
779
7
79
778
778
77
7
777
776
775

775
775
774
77
4
773
772
771

770
770
769

768
768
767

767
766
767

767
767
766
7
67
767
767
76
7
767
768
767

769
769
770

770
771
771

773
773
773

774
774
775
7
76
777
778
7
78
779
779
77
9
780
781
781
78
0
780
779
77
8
778
776
774

774
773
773

772
772
772

771
771
771

772
772
771
7
73
773
773
77
3
774
775
775

776
777
776

777
777
777

777
777
778

778
779
780
7
80
781
781
7
81
782
783
78
3
785
785
786
78
7
788
788
789

789
790
791

791
792
792

793
793
793

794
794
795
7
95
796
796
7
97
797
797
79
7
797
797
796

796
795
795

795
795
795

796
796
796
796

796
797
796

797
797
796

796
796
79
7
797
797
797
79
8
799
799
800

800
801
802

802
804
804

804
805
806

806
806
806
8
05
805
805
8
05
806
806
80
6
807
807
806

807
806
806

805
805
804

803
803
803
802

801
801
8
01
800
799
799

799
799
798
7
98
799
798
79
7
797
797
797

797
798
798

798
798
798

799
799
800

801
801
802
8
02
803
803
8
04
804
805
80
5
805
806
807

806
806
806

806
806
805

805
805
804

804
804
803
803

802
802
80
2
801
801
801
8
01
800
800
80
0
800
800
800

800
801
800

800
801
800

799
800
800

800
800
800
8
01
801
801
80
3
802
802
80
2
803
804
804

805
807
807

808
809
809
810

809
810

810
810
810
8
11
810
810
810
8
10
810
809
8
09
809
808
80
6
806
806
805

805
805
805

805
805
806

806
806
807

807
807
806
8
06
806
806
80
6
805
805
80
4
804
804
804

804
804
804

804
804
804

805
804
805

805
805
806
8
06
806
806
805
8
05
805
805

805
804
804
80
4
804
804
805

806
807
807

807
807
806

806
806
806
806

805
806
8
05
805
805
80
5
804
804
80
4
804
804
804

803
804
804
804

804
804

803
804
805
806

806
806
807

808
808
80
9
810
811
812
81
3
813
813
81
3
814
814
815

815
816
816

817
817
818

818
817
818

818
817
816
8
15
814
812
81
2
811
810
808

807
806
805

804
803
801

800
798
798

798
797
797
797

797
797
798

798
799
799
8
00
800
801
80
2
803
804
80
5
807
807
809

809
811
813

814
816
817

819
820
822

823
825
826
8
28
829
829
83
0
830
831
831

831
830
829
82
9
829
828

827
827
826

826
825
825
8
25
824
824
823

822
823
823
8
23
823
823
82
3
823
823
823

823
823
824

823
824
824

825
825
824

825
825
826

826
827
827
8
28
828
828
82
9
830
830
830

831
831
831

832
832
832

832
832
831

831
831
831
831

831
831
831

831
830
830
8
30
830
830
83
1
831
830
830

831
831
831

831
832
833

832
832
832

832
832
832
8
32
832
831
8
32
832
832
83
1
831
831
830

830
830
831

830
831
831

831
831
830
831

831
830
830

830
829
829

829
829
828
8
28
829
828
82
8
828
828
828

828
828
828

828
828
829

830
830
830

830
831
831
8
31
832
831
8
32
833
832
83
3
834
834
834

835
834
834
834

834
834
834

834
834
834

833
833
833

833
832
832
8
32
831
831
8
32
832
832
83
2
832
832
831

831
831
831

830
830
830

830
830
830

830
830
831
8
31
831
831
83
1
831
831
83
0
832
831
832

831
832
833

833
833
834
834

834
834
834

834
834
835

835
834
835
8
34
835
834
8
35
836
836
83
6
836
836
836

836
837
836

836
837
837

836
835
835

834
834
832
8
32
831
830
83
0
829
828
82
7
828
828
828

828
829
828
828

829
827
827

826
827
826

827
826
827

826
827
827
8
28
828
828
8
29
829
829
82
9
829
830
830

831
832
832

832
833
833

833
833
833

832
831
831
831

830
829
82
9
829
829
828
8
29
830
830
82
9
831
831
831

831
831

832
831
831
832

831
832
832

831
831
830
8
30
829
829
82
8
828
828
82
8
828
829
829

829
830
829

828
829
828

828
829
829

830
830
830
8
31
831
831
831
8
31
832
832

832
833
833
83
3
834
834
834

835
835
835

835
835
835

835
835
835

835
835
835
8
34
834
834
83
4
833
833
83
2
831
831
831

830
830
829

829
829
828

828
828
828

829
828
827
828

827
827
82
8
828
828
828
82
8
829
829
82
9
829
829
828

828
829
829

828
828
828

828
827
827

827
827
826
8
26
825
825
82
5
824
824
82
5
825
824
823

822
822
822

822
824
825

826
827
828

829
830
830
8
31
831
831
83
2
832
832
832
83
3
833
833
83
2
833
833
833

832
833
833

832
832
832

831
830
831

830
830
829
8
30
829
828
82
9
829
829
829

829
829
829

828
829
829

829
829
829

829
829
829
829

829
828
8
29
829
829
82
9
829
830
830
83
0
829
830
83
0
830
830
830

830
830
830

830
830
831

830
830
830

829
830
829
8
28
828
827
82
7
827
825
825

825
824
824

824
824
824

824
824
824

824
825
825
8
24
824
824
824

823
823
823
8
23
823
823
82
4
824
824
824

824
824
825

825
827
827

827
828
829

829
829
831
8
31
832
832
8
33
833
832
83
3
833
832
831

832
831
830

830
830
830

829
829
828
829

828
828
828

827
827
826

826
825
825
8
25
824
823
82
3
824
824
824

824
824
825

825
826
827

828
828
828

829
829
830
8
30
831
830
8
30
830
829
83
0
830
830
830

831
831
831

831
832
832

833
834
835
835

837
837
837

838
839
839
8
39
839
839
8
40
839
839
83
9
839
839
839

839
839
839

839
839
839

839
839
840

840
840
840
8
40
840
840
8
41
841
842
84
2
844
845
846

847
848
849

850
851
851

853
853
854

854
854
854
854

854
853
852
8
52
850
849
8
48
847
846
84
5
845
844
843

842
842
841

841
841
841

840
838
838

838
838
837
8
36
836
835
83
5
835
835
83
4
834
834
834

835
835
835

835
836
836

836
836
837
838

838
839
839

839
840
840
8
40
840
841
8
41
842
841
84
1
842
842
842

843
843
843

844
845
844

844
844
845

846
849
853
8
56
858
860
86
1
861
861
86
1
861
861
860

858
857
856

854
853
851
849

848
846
844

843
841
840

837
834
833
8
33
832
832
83
2
832
832
83
2
832
831
829

830
831
830

830
831
830

831
832
834

836
838
839
8
40
840
841
84
2
841
842
84
2
841
841
840

840
840
840

839
838
838
838

838
837
837

835
834
833

833
833
833
8
33
835
836
83
7
838
839
83
8
837
836
834

833
833
833

833
833
832

830
830
831

831
831
830
8
30
830
831
83
1
830
831
832

833
832
833

832
834
834

833
834
834
834

834
835
836

836
837
838

838
838
839
8
39
839
839
84
0
839
840
83
9
840
840
839

839
840
840

839
840
840

838
838
839

838
837
837
838

837
837
83
6
838
838
837

838
838
838
83
7
838
838

838
837
838
837

837
837
837

838
837
837

837
837
837
8
37
838
839
83
8
838
838
837

837
838
837

837
837
837

837
837
838

837
837
838

838
839
839
8
41
841
842
84
2
843
843
843

843
843
844

844
845
845
845

845
845
845

845
846
845

845
845
845

845
845
844
8
45
845
846
84
7
846
846
846

846
846
845

846
847
847

847
848
848

848
848
849
8
49
849
849
8
49
850
850
85
0
851
850
850
85
1
851
850
85
0
850
851
850

848
849
849

849
848
849

849
849
848

848
847
847
8
47
847
847
84
6
846
847
846

846
846
846

845
845
844

845
845
846

846
845
845
8
45
845
846
8
45
845
845
84
5
846
845
845

844
844
845
845

844
844
844

844
845
845

845
844
846

846
846
847
8
46
847
848
8
48
849
849
84
9
849
851
851

853
853
854

854
855
856

857
857
858

859
860
860
8
61
861
862
86
2
863
862
863
8
64
863
863
86
2
863
862
861

862
861
861

860
860
860

859
859
859

859
859
859
8
60
860
861
8
61
862
863
86
4
864
865
866

867
867
866

866
866
867

867
867
867

867
866
866
8
66
865
864
86
4
863
863
86
3
863
863
863
86
2
862
861
860

860
860
860

859
859
859

860
859
859

860
860
861
8
61
861
861
8
62
863
863
86
3
863
864
864

864
864
864
864

864
864

863
862
863

863
863
863
863

863
863
862
8
63
862
862
8
61
860
860
86
0
861
860
860

860
860
860

859
860
860

860
860
861

861
862
862
8
63
863
864
86
4
864
864
86
4
865
865
865

866
866
866

867
867
868

868
867
868

868
867
867
8
66
866
866
86
6
867
866
866
8
66
866
865
86
5
865
865
864

863
862
861

861
860
859

859
859
859

858
858
858
8
59
859
859
85
9
859
859
85
9
860
859
859

859
860
860

861
861
860

860
860
859

859
859
860
860

859
859
858
8
59
859
858
85
9
859
858
85
8
858
857
856

856
855
855

854
855
854

854
854
855

856
856
856
8
56
856
856
85
6
856
856
854

855
855
854

854
855
855

856
857
858

858
858
859

859
859
860
860

860
861
861
8
61
862
862
86
2
862
862
86
1
861
861
861

860
859
858

858
857
857

856
856
856

855
855
854
8
55
854
854
85
4
854
854
854

854
853
853
85
3
853
853
853

854
854
854

855
855
8
55
856
857
8
58
858
859
859
8
60
859
860
86
1
861
861
86
1
862
862
861

860
862
861

861
862
862

861
861
861

860
861
860
8
60
860
859
85
8
859
859
858

858
858
858
85
7
858
857

857
857
857

857
857
857
857

856
856
856

855
855
854
8
54
854
853
85
4
854
854
854

854
854
854

853
854
854

854
854
854

854
854
854
8
54
854
854
8
54
854
854
85
5
855
856
855

855
855
855

855
855
855

855
855
855
856

855
856
855

856
856
858

858
858
858
8
58
858
858
85
7
857
856
855

855
854
854

853
854
854

853
853
853

852
852
853
8
52
852
852
8
53
852
851
85
1
852
851
851
85
1
851
851
851

851
851

851
851
852
852

852
852
853

853
853
853
8
53
853
852
8
52
852
851
85
1
852
851
851

851
850
849

849
848
848

847
846
846

846
845
846
8
45
845
845
8
45
845
846
845
8
45
845
845

845
845
844
845

845
845
846

846
846
847

847
847
847

847
847
847
8
47
846
846
8
46
846
847
84
6
847
846
847

847
847
847

847
847
847

847
847
848

847
847
846
8
46
845
845
84
5
844
843
84
3
842
842
842

841
842
841
840

841
840

840
839
840
840

839
839
841

840
841
841
8
42
843
843
8
44
844
844
84
4
844
844
844

844
845
846

846
846
846

845
846
846

847
847
846
8
46
847
847
84
6
846
845
844
8
43
843
843
84
2
842
841
840

839
839
838

838
837
837

837
835
836

835
835
835
8
34
835
834
83
6
836
836
83
6
837
837
838

838
838
839

839
840
838

838
839
838

839
838
838
8
38
838
837
83
8
837
837
837
8
38
838
838
83
8
839
839
839

839
840
840

840
840
841

841
841
843

842
842
842
8
41
840
839
83
8
837
835
83
4
833
832
830

828
827
826

825
824
822

821
819
817

816
815
814
8
13
812
811
811
8
10
809
809
8
09
810
809
80
9
810
810
810

811
811
811

811
811
812

813
813
813

813
814
815
8
15
816
817
81
8
819
819
82
0
820
820
820

819
819
819

819
819
818

818
817
816

815
815
815
8
15
814
814
815
8
14
814
814
81
5
815
815
81
5
816
816
817

817
817
817

817
817
818

818
818
818

818
818
819
8
18
818
818
81
8
818
818
818

818
819
819

819
819
819

818
818
817

817
816
816
8
16
815
815
8
15
815
814
81
4
815
815
814

814
814
814
81
4
814
814
813

813
814
814

814
815
815

815
816
816

817
816
816
8
18
818
818
81
8
818
819
819

820
821
821

821
821
821

821
822
821

822
822
822
8
22
822
821
821

821
822
82
1
821
821
820
82
0
819
817
817

817
815
815

814
813
812

812
811
810

809
810
810

809
810
810
8
10
810
810
81
0
812
812
812

812
812
812

811
812
812

812
812
813

813
813
813
8
13
813
813
813

813
813
813
8
12
812
811
81
0
811
810
810

811
810
811

811
811
812

812
812
813

813
813
814
8
15
816
815
8
16
816
815
81
4
814
814
814

813
814
814

813
814
813

812
811
811
810

810
809
809

809
808
808

808
807
807
8
07
806
806
80
5
805
804
804

804
804
805

806
806
807

807
808
809

809
810
809
8
09
809
809
8
09
809
809
80
9
810
810
810
81
0
810
810

810
810
810

809
809
809

809
808
809
809

809
808
809
8
08
808
808
8
07
807
806
80
6
806
806
807

807
808
809

809
810
811

811
811
811

811
811
811
8
11
813
812
8
12
813
812
81
2
811
811
810

810
810
811

810
810
810
809

809
809

808
807
806
806

805
805
804
8
03
803
803
8
04
804
803
80
3
803
804
803

803
803
803

804
803
803

803
802
802

802
802
802
8
02
801
801
80
2
801
801
80
1
801
801
801
80
0
801
800

800
801
801
801

801
801

801
800
800
801

801
801
801
8
00
800
800
8
00
800
800
79
9
799
799
799

799
799
800

799
800
802

802
802
804

805
806
806
8
07
807
807
80
7
808
808
808
8
09
809
809

809
809
810

809
810
810
810

809
809
809

809
808
808

808
808
808
8
08
808
807
80
7
806
806
80
5
805
805
806

806
806
807

807
807
807

808
807
807

807
808
808
8
08
808
808
80
8
808
809
810

810
810
811

811
811
811
811

811
810
810

809
810
810

810
810
810

809
809
809
8
08
808
807
80
7
806
806
80
5
806
806
806

805
806
805

805
805
805

804
804
804

804
804
804
8
04
804
803
80
4
804
803
803

803
803
803

803
804
804
804

805
806
806

806
806
807

806
805
806

805
805
805
8
05
805
804
80
4
804
803
80
3
803
802
801

801
802
801

801
800
800

799
799
798

797
797
796
7
96
797
798
79
8
799
799
800

800
801
802

802
803
802
803

803
803
803

802
802
801

802
802
802

803
803
802
8
02
802
802
80
2
801
801
800

800
800
800

799
800
800

799
799
800

799
799
798
7
99
799
798
7
98
798
798
79
8
799
798
797

798
797
797
79
6
796
795
795

795
795

794
794
795
795

795
795
795

796
796
796
7
97
797
797
79
7
797
797
797

798
797
797

797
797
798

798
799
799

799
800
800
8
00
801
801
8
01
800
799
79
8
798
797
797

796
795
796

795
795
795

795
795
795
795

795
795
795

796
795
796
7
96
796
796
7
96
797
796
79
7
798
798
798

799
798
798

798
798
797

797
797
797

796
796
796
7
96
795
795
7
95
795
795
79
5
795
795
795

796
796
797
796

798
798
798

798
799
799

798
799
799

799
799
799
7
99
798
798
7
97
797
797
79
6
796
796
795

795
795
795

795
794
794

794
793
793

793
793
794
794

795
794
79
4
795
795
794
7
94
793
793
79
2
793
792
792

793
794
794

795
795
796

798
797
799

799
800
801
8
01
802
802
8
02
801
801
80
0
800
799
799

798
798
797

796
796
796

795
796
795

795
795
795
7
95
795
795
79
5
794
794
794
7
94
794
794
79
4
794
794
794

796
796
796

797
798
798

798
799
800

800
799
799
7
98
797
796
79
6
796
796
79
5
795
796
795

796
796
796

795
795
795
796

796
796

797
796
796
7
97
796
796
79
5
795
795
79
5
795
795
795
79
4
795
796
796

797
798
798

799
800
800

801
800
801

801
801
801
8
01
801
802
80
3
803
803
80
3
804
803
804

805
806
806

805
806
805

804
803
803

803
803
803
8
04
804
804
804
8
05
804
804
80
4
804
804
80
3
803
802
802

801
801
800

799
799
798

798
798
799

799
800
800
8
00
801
801
80
2
802
803
80
3
804
804
804

803
804
804

804
804
804

803
803
803

802
802
801
8
00
800
799
799
7
98
797
796
79
6
796
796
79
6
796
797
796

796
796
796

797
798
798

799
799
800

800
801
801
8
02
801
803
80
3
803
803
802

802
802
801

800
799
798

797
797
797
799

800
802
8
03
804
805
8
06
807
807
80
7
806
805
806
80
7
806
807
80
7
807
806
805

805
805
805

804
804
805

804
804
804

803
803
803
8
03
803
802
80
2
803
804
804

805
804
804

804
805
804

804
803
803

804
804
805
806

806
807
808

808
808
808
8
09
808
808
80
8
809
809
809

809
809
808

807
808
808

808
808
809

809
809
810
8
11
812
813
8
14
814
814
81
3
813
814
812

810
809
809
80
8
808
809

809
809
808
808

808
808
8
07
806
806
8
06
805
805
806
8
06
806
807
80
6
806
807
807

807
806
806

806
807
808

808
809
809

809
809
809
8
10
810
810
8
11
811
811
81
1
812
812
812

812
812
812

813
814
814

814
815
814

813
813
812
811

810
809
809

809
808
807
8
08
807
807
80
7
807
807
808

808
808
808

808
808
808

808
807
807

807
806
806
8
06
806
806
8
06
806
806
80
6
806
807
807

807
807
808

808
808
808
809

809
809
809

810
810
8
11
811
811
811
8
12
812
812
8
12
812
811
81
1
811
812
812

811
811
811

811
811
811

811
811
811

811
810
810
8
10
810
810
81
0
810
810
81
0
811
812
812
81
3
813
813

813
813
813

813
812
812
812

811
811
811

811
811
811
8
10
810
810
8
10
810
810
81
1
812
813
813

812
813
812

813
813
812

811
811
811

811
810
810
8
10
810
810
810
8
10
811
81
1
811
811
811

810
810
809
809

809
809

808
807
808
808

808
808
808

809
809
808
8
09
809
809
8
09
809
809
80
9
809
810
810

810
810
810

811
812
812

812
811
811

811
812
811
8
12
812
811
81
1
810
810
80
9
808
806
807

807
807
806

806
807
806
807

807
807
807

807
807
807

806
806
806
8
07
807
806
80
6
806
805
80
5
805
805
804

805
805
806

807
808
809

810
810
812

813
813
814
8
16
816
817
81
8
818
818
818
8
19
819
819
81
7
818
817
817

816
816
815

814
815
814

815
815
816

816
816
815
8
15
815
815
81
5
815
815
81
5
815
815
815

814
814
814

813
813
812

811
812
812

812
812
812
8
12
812
813
81
4
814
815
816

816
816
817
81
7
818
818
819

820
820
821

821
821
820

812
807
801

797
794
790
7
89
788
787
78
7
788
788
78
9
791
792
793

795
798
800

801
804
806

807
808
810

811
812
813
8
14
814
814
81
4
815
815
815

816
816
816
81
6
816
816
816

815
816
814

814
813
812

811
810
811

811
810
810
8
10
810
810
81
0
810
811
810

810
810
810

811
816
818

818
817
816

815
814
814
8
14
813
817
8
18
817
815
812
8
11
809
808

807
807
806
81
0
813
813
810

808
807
807

807
806
806

807
812
815

816
814
812
8
11
810
809
81
0
809
813
816

817
816
813

809
807
805

803
802
801

801
805
808
8
09
808
806
8
04
803
801
800
8
00
800
805
80
8
811
812

810
809
808
808

806
806
806

805
806
811

814
816
818
8
17
814
811
8
09
807
805
80
4
803
806
808

810
811
811
80
8
806
803

802
800
799

799
798
798
8
00
804
807
8
10
810
810
807
8
05
804
803
80
1
800
800
803

807
809
810

811
810
809

806
804
802

800
800
800
8
02
807
810
8
12
812
810
80
8
805
803
802

800
801
806

809
811
812

813
813
810

807
804
802
8
01
800
805
809
8
11
813
814
8
14
813
810
80
8
806
805
804

806
811
814

815
816
816

813
810
808

806
805
809
8
13
816
817
8
18
816
814
81
1
810
809
812

815
818
818

819
819
815

813
810
809

808
807
812
8
15
818
819
82
0
818
815
812
8
11
810
812
81
4
816
817
818

817
815
812

810
808
807

811
814
816

817
817
815
8
12
810
808
80
7
811
814
81
6
817
818
817

817
816
812

810
808
807
809

812
815

817
817
818
818

815
813
811
8
09
806
809
8
13
814
815
81
5
815
812
809

807
804
802

804
808
810

812
812
811

808
806
803
8
03
805
809
81
2
814
815
81
6
816
813
810

808
807
806

809
813
816

819
820
819
818

815
813
811

810
814
817
8
19
820
819
81
9
815
812
80
8
806
806
809

811
812
813

813
811
807

804
802
801

804
807
809
8
11
811
811
80
8
805
803
80
1
804
808
811

813
813
814

812
810
808

807
807
813
817

819
821
823

822
819
818
8
17
816
821
82
6
829
831
83
2
833
831
830

830
832
838

842
845
847

847
846
845

843
843
848
8
51
854
855
85
5
853
851
850

849
856
860

863
865
866

864
862
862
863

868
870
871

871
867
863

860
858
859
8
59
856
852
84
6
841
836
83
3
834
833
831

826
822
819

818
820
822

823
820
818

816
815
819
8
23
824
825
82
4
821
819
819

822
823
823

820
816
812

813
815
814
812

808
803
799

797
798
799

797
794
789
7
86
784
787
78
7
787
783
780

778
779
782

783
782
779

777
776
781

784
786
785
7
83
780
778
7
81
785
786
78
6
785
781
779

780
784
787

787
785
782
778

778
782

783
782
779
777

774
773
778

781
782
780
7
78
777
775
78
0
783
786
786

784
783
782

783
787
790

793
794
794

792
788
785
7
83
787
790
7
92
793
792
78
9
786
784
784

788
792
795

794
792
788

785
783
785

788
789
787
783

780
777
775

778
781
783
7
85
782
778
77
6
776
779
781

784
784
784

781
779
778

782
785
789

789
788
786
7
83
780
782
7
86
788
789
78
8
786
784
783
78
8
793
797

798
797
795
793

796
800
801

801
798
795

793
798
800
7
99
798
794
7
91
793
796
79
7
797
794
790

789
793
794

794
791
788

785
789
791

791
789
787
7
84
788
791
79
1
791
788
78
4
783
786
790
79
1
791
788
786

787
793
794

795
793
791

789
795
799

800
801
801
8
00
804
809
8
13
815
815
81
4
820
824
826

826
824
822

826
828
827

823
817
814

815
815
813
8
09
804
799
80
3
804
802
79
8
795
792
798
79
8
798
797
794

794
799
801

802
800
798

799
804
808

808
807
804
8
00
796
800
80
0
799
795
79
2
786
780
762

594
600
632

667
712
745

767
785
799

809
818
824
8
29
830
831
83
1
830
828
82
5
823
819
816
81
2
809
806
803

801
799
798

797
795
794

793
792
792

790
788
787
7
85
784
781
78
0
778
776
77
4
773
771
768

767
765
762

759
757
755

752
749
746

743
740
736
7
33
729
724
72
1
717
712
709
7
06
703
701
69
9
698
699
699

700
701
701

703
704
706

707
708
710

711
712
713
7
13
714
714
71
5
715
715
71
5
715
715
715

715
715
714

713
712
712

712
711
711

710
710
709
709

708
709
709
7
09
709
709
71
1
711
712
71
3
714
715
716

717
717
717

717
717
716

716
715
715

715
714
713
7
13
712
712
71
1
711
710
708

708
707
706

705
705
703

703
702
701

701
700
699
699

698
697
6
96
696
694
694
6
94
693
692
69
1
691
691
69
1
690
691
691

691
691
691

690
690
690

690
690
690

690
691
690
6
90
691
690
69
1
691
691
691

692
692
693

694
695
695

695
696
696

697
697
698
6
98
698
698
6
99
699
698
699
7
00
701
701
70
1
701
702
70
3
704
703
705

705
707
706

706
707
708

708
707
708

708
707
706
7
05
705
704
70
4
704
703
702

703
703
702

702
703
703

703
703
704

703
703
703
7
03
703
703
703

703
704
703
7
04
704
703
70
3
703
702
702

702
702
701

701
701
701

700
699
699

700
700
701
7
01
701
702
7
02
703
703
70
3
703
704
704
70
4
705
705

704
704
703

703
703
702

702
701
700
7
00
698
698
697

697
695
694
6
93
692
692
69
0
690
689
689

689
689
688

688
688
687

686
686
686

685
685
685
6
84
685
685
6
85
685
684
68
4
684
684
684

683
683
682

682
682
681
681

681
681

681
681
680
6
80
680
679
680
6
80
680
679
6
80
680
680
68
0
680
681
681

682
682
683

684
684
685

686
687
688

689
690
690
6
90
690
690
6
90
691
690
69
1
691
691
692

692
692
692

692
692
692

692
692
693

693
693
693
694

694
694
695
6
95
695
696
6
96
697
697
69
8
699
699
701

701
702
702

702
702
702

702
701
701

701
700
701
7
00
700
700
69
9
698
698
69
8
698
698
697

698
698
698

698
698
698

698
697
698
698

697
696
696

696
696
696
6
96
696
696
6
96
696
696
69
7
696
697
696

697
697
697

697
697
697

698
698
699

699
698
699
6
99
698
698
69
8
697
696
69
5
694
694
694
69
3
692
692

692
691
692
691

690
691
690

690
690
690

689
689
689
6
88
688
687
68
6
685
684
68
3
682
681
681

680
680
680

680
681
681

682
682
683

683
684
685
6
86
686
687
68
8
688
688
68
8
688
688
688
68
7
688
687
687

686
687
687

687
687
687

687
686
686

685
684
684
6
84
683
683
68
3
683
684
68
4
685
685
685

685
686
686

686
686
686

685
684
685

684
684
684
6
85
686
686
68
8
688
689
689
68
9
689
690

689
689
689

689
688
688

688
687
688
688

687
687
687

687
686
686
6
86
685
685
68
5
685
685
68
6
686
687
687

688
689
691

691
691
692

692
693
693

693
692
692
6
92
691
691
69
0
689
689
688

688
687
688
68
7
688
688
689

689
690
690

690
691
692

692
692
692

693
692
693
6
94
694
693
69
4
694
694
694

696
696
696

696
696
696

696
697
698

698
699
699
6
99
699
699
6
98
698
697
69
6
696
695
695
69
5
695
694
69
4
694
694
694

694
694
694

694
694
694

694
694
694

695
694
694
6
95
695
695
69
6
696
696
696

697
697
697

698
699
699

699
699
698

699
699
699
6
98
698
698
6
98
698
698
69
7
697
697
696
69
7
696
695
695

695
695
695

695
695
696

696
696
697

697
697
697
6
98
698
698
6
99
698
698
69
8
698
698
698

698
698
697

697
697
697

697
696
697

697
696
696
6
95
695
695
6
95
694
693
69
3
693
693
693

692
692
692

691
690
690
690

689
690
689

690
690
690

690
690
691
6
91
692
692
6
92
692
693
69
3
694
694
694

694
695
695

694
694
694

694
693
693

693
691
691
6
90
689
688
68
7
686
685
68
4
684
684
684
68
4
684
683
683

684
684
684

685
686
687

688
689
691

693
695
696
6
97
699
701
7
02
703
704
70
5
707
707
707

707
707
707

706
706
706

705
703
702

701
699
698
6
97
695
694
69
2
690
689
688
6
87
686
685
68
4
683
682
681

681
680
679

679
679
678

677
677
677

678
678
678
6
79
679
680
68
1
682
682
68
3
684
686
685

686
687
688

689
690
690

691
691
692

694
693
694
6
94
695
695
69
6
696
696
697
6
97
697
697
69
7
697
696
695

695
694
694

693
693
692

692
691
691

690
689
689
6
89
688
688
68
8
687
688
68
8
688
688
687

688
690
689

690
691
692

692
692
693
693

693
692
692

691
690
690
6
90
689
689
6
89
690
690
68
9
690
690
691

690
691
691

691
691
693

693
694
695

695
695
696
6
96
696
697
69
7
697
698
69
8
699
700
701

701
703
703

704
705
705

706
706
708

707
708
708
7
08
708
709
709
7
10
710
711
71
1
712
713
71
3
714
714
714

713
713
713

713
713
713

713
714
715

715
715
715
7
16
716
717
71
9
719
720
720

721
721
721

722
724
724

724
725
726

726
725
725

726
726
726
7
26
726
726
726
7
25
725
725
72
4
724
724
72
3
723
724
725

725
726
727

727
728
729

730
730
732

733
734
734
7
35
735
735
73
5
735
735
735

734
734
734

733
733
732

732
731
731
729

729
729
7
28
727
726
726

725
726
726
7
26
725
725
72
5
726
725
72
5
725
725
725

725
725
725

725
725
725

724
724
724

724
724
723
7
23
723
723
72
3
723
724
723

723
722
722

721
722
722

722
722
723

723
722
722
7
23
722
722
722

721
720
720
7
20
720
720
72
0
719
719
719

718
718
718

716
716
715

714
714
714

713
712
711
7
12
710
710
7
10
710
709
70
9
708
708
707

707
707
706

706
707
706

707
707
706

706
706
706
707

706
707
708

708
708
709
7
10
712
713
71
4
715
715
716

716
716
716

716
716
716

716
716
716

715
715
715
7
13
713
711
7
11
710
710
710
7
09
709
709

709
709
708

708
709
709
709

709
709

709
710
710
711

710
710
711
7
11
712
711
7
12
712
711
71
1
711
710
710

709
709
708

708
708
708

707
707
708

708
708
708
7
08
709
708
7
08
709
709
70
8
709
709
708

708
708
709

709
710
710

710
710
710

710
709
710
710

710
710
710
7
10
711
710
7
11
711
711
71
1
712
712
713

712
713
713

712
712
711

712
712
712

712
712
711
7
11
710
709
71
0
710
710
71
0
709
709
708

708
708
708
708

709
709
709

708
709
709

709
709
710

710
711
711
7
11
711
711
7
11
711
711
71
0
710
709
709

709
709
708

708
709
709

708
708
708

708
708
707
7
07
707
706
70
7
708
708
70
8
708
708
708

708
709
709
709

710
711
711

711
712
712

711
712
712

713
713
713
7
13
713
713
71
3
714
714
71
4
715
715
715

716
716
716

716
716
715

715
716
715

715
716
715
7
16
715
715
715
7
15
714
71
4
714
714
714
71
3
714
715
715

715
715
715

715
716
716

717
717
718

719
719
720
7
21
721
722
72
2
722
721
72
2
722
722
721

721
721
720

720
719
718

717
717
717

715
716
715
7
15
714
714
713
7
12
712
711

711
711
712

711
712
712
712

712
712
712

712
712
711

711
711
712

712
712
712
7
13
713
713
71
3
713
713
71
3
713
714
714

714
715
715

715
715
716

716
718
717

718
718
718
7
19
718
718
71
8
718
718
718
71
8
718
718
71
8
719
719
719

719
719
719

719
719
718

718
718
717

716
716
715
7
15
714
714
71
4
714
715
715

715
715
715

716
717
717

717
718
718

718
718
719
7
18
717
717
7
16
717
716
71
7
716
717
717
71
7
717
717
71
7
716
716
715

715
715
715

714
714
714

714
714
715

715
714
714
7
15
714
714
71
4
714
715
715

715
715
715

714
715
715

715
715
715

715
715
716
7
15
715
716
7
15
715
715
71
4
714
713
713
71
3
713
713
712

713
713
713

713
712
712

712
712
712

712
711
711
7
11
712
712
7
12
713
713
71
4
715
715
716

716
715
715

715
715
715

715
714
715

714
714
714
7
13
713
713
713

712
712
711
7
11
711
710
71
0
711
710
710

709
709
708

707
708
707

707
707
708

708
709
710
7
10
710
710
7
11
711
711
71
1
712
712
712

712
712
712

712
712
712

712
712
712
712

712
712
7
12
712
712
713

712
712
712
7
12
712
712
71
2
712
712
713

713
713
714

713
714
713

713
712
713

713
712
711
7
10
710
710
7
10
710
710
71
0
710
710
711

711
711
711

711
711
710
710

709
710

710
709
709
709

709
709
709
7
10
709
709
7
10
709
709
70
9
710
710
710

710
710
709

709
709
709

708
708
708

708
708
708
7
09
708
708
70
8
708
707
70
7
708
708
708

708
709
710

709
710
710

711
711
712
712

712
712
7
13
713
713
712
7
12
712
712
7
11
711
710
71
0
710
710
709

709
709
708

708
708
708

708
708
708

708
708
708
7
08
707
708
70
8
708
708
70
8
707
708
708

708
708
708

708
708
708

708
708
708

708
708
709
709

709
709
709
7
09
709
709
7
10
710
710
71
0
710
710
709

709
709
708

709
709
709

710
710
710

709
709
709
7
08
708
707
70
7
707
707
70
7
708
708
708

708
708
708
708

708
708

707
707
707

707
706
706
706

706
706
706
7
06
705
705
70
6
705
705
70
4
705
705
705

705
704
704

704
704
703

703
702
703

702
702
702
7
02
702
702
70
2
702
702
702

702
702
701

702
702
702
702

702
702

702
701
703
702

702
702
703

703
703
703
7
04
704
705
70
4
705
705
70
4
704
705
704

704
703
702

702
702
701

701
701
701

701
702
703
7
03
705
705
70
6
706
706
706

706
706
705

704
705
705
705

704
705
704

705
706
706

706
707
708

708
709
709
7
09
710
710
71
0
710
709
709

709
708
708

708
709
708

709
709
709

709
709
709

708
708
708
7
08
708
708
70
7
708
709
708

710
710
710
71
0
710
710
711

711
711
710

710
710
710

711
710
711

710
711
710
7
11
711
711
71
0
710
711
710

711
710
710

709
710
709

709
708
708

708
708
709
7
09
709
710
711

710
711
711
7
12
712
712
71
2
712
713

713
714
714

714
713
714
713

712
713
713

712
712
712

712
712
712
7
12
712
712
71
1
712
711
711

710
710
709

708
709
708

708
707
708

708
707
708
7
08
708
709
7
10
710
711
71
1
712
712
713
71
3
714
714

714
713
713
712

712
712

712
711
711
710

710
709
709
7
08
708
707
7
07
706
706
70
5
704
704
703

703
702
701

701
702
701

702
702
703

703
704
704
7
04
704
704
704

704
704
704
7
04
704
704
70
4
704
704
704

704
703
703

703
704
704

704
704
705

705
706
706
7
05
705
705
7
05
705
704
70
4
704
703
703

703
703
703

703
703
703

703
703
703

703
703
703
7
03
703
703
70
3
703
703
70
3
703
703
703
70
3
703
704
705

706
706
706

707
707
707

708
708
708

707
707
708
7
08
707
707
7
07
707
706
70
5
704
705
705

704
704
704

704
705
704

704
703
703

703
703
703
7
04
704
705
70
5
704
704
70
4
706
706
706
70
5
706
706
706

706
706
707

706
706
706

706
706
706

707
707
708
7
08
708
708
70
8
709
709
70
8
709
709
709

709
709
710

709
709
708

708
707
707

707
707
707
7
07
707
707
70
7
706
706
706

706
706
706
70
6
707
706
707

708
708
708

708
708
708

709
709
709

710
710
710
7
10
710
709
71
1
710
710
71
1
710
710
710

709
709
708

708
707
707

706
706
706

706
706
705
7
06
706
706
70
6
706
706
706
70
6
706
706
70
6
706
706
707

707
707
707

707
707
707

708
708
708

709
709
709
7
10
711
710
71
0
709
709
70
8
709
709
708

707
707
706

706
705
705

705
706
706

707
706
706
707

707
707
707
7
08
708
708
70
9
708
708
70
8
707
707
706

706
706
706

705
705
703

703
703
703

702
702
702
7
02
702
701
70
1
700
699
699

699
699
699

699
699
699

699
699
699

700
700
700
6
99
699
700
700

700
701
701
7
01
702
702
70
2
702
703
70
3
703
703
704

704
705
705

705
706
706

707
707
708

708
709
708
7
09
709
709
70
9
709
709
709

708
708
709

708
708
709

708
709
709

710
710
710
711

712
712
7
12
712
713
712
7
13
712
711
71
1
712
711
711

711
710
711

711
711
711

711
711
711

711
711
711
7
10
711
710
7
11
711
712
71
1
712
713
713

714
714
714

714
714
714

713
713
713

714
713
713
713

713
712
712

712
712
711
7
12
712
712
71
2
713
713
714

716
717
717

718
719
719

718
719
719

719
719
720
7
20
720
719
7
20
719
719
71
8
717
717
716

716
716
715

715
715
716

716
717
717

718
718
718
7
18
718
718
718

718
718
717
7
18
718
717
71
7
717
717
716

716
715
716

715
715
716

717
718
718

719
719
719
7
20
720
720
7
21
721
721
72
1
722
722
722

722
723
723

722
723
722

723
723
723

723
722
722
723

723
723
723
7
23
724
724
7
25
725
726
72
6
726
726
727

727
727
727

726
726
725

725
724
724

723
723
722
7
22
721
721
72
0
719
719
71
8
718
717
716

716
715
713

713
713
712
712

712
713
712

713
714
715

716
718
719
7
19
720
721
7
21
721
722
72
2
722
722
722

723
723
723

723
723
723

722
722
721

721
720
719
7
19
717
716
71
5
715
714
71
3
713
713
713

713
713
714
714

715
714
715

714
715
715

716
716
717

717
716
717
7
16
717
717
71
7
718
718
71
8
719
719
719

719
719
720

719
720
720

719
720
720

719
720
719
7
19
719
719
72
0
719
719
71
9
720
720
720

720
720
719
719

719
719
719

719
719
719

719
718
719

719
719
719
7
18
719
719
71
9
719
719
72
0
720
720
721

720
720
720

720
721
721

721
721
722

722
722
722
7
22
722
721
72
1
722
721
721

721
720
720
71
9
720
720
719

719
719
719

719
720
720

719
718
718

717
717
717
7
18
719
718
71
9
719
719
71
8
718
718
718

717
718
717

717
717
717

717
717
716

716
717
716
7
16
716
715
71
5
716
716
716

716
716
716
71
6
717
716
716

716
715
715

714
714
713

713
712
713

713
712
712
7
13
713
713
71
4
715
715
715

715
714
715

715
715
715

716
716
716

716
716
716

717
717
716
7
17
716
717
71
8
718
719
719

719
719
719

719
720
719
719

719
719
719

719
719
719

719
718
719

719
718
718
7
18
718
718
71
8
719
719
719

718
718
718

717
718
718

718
718
719

719
720
721
7
22
722
723
7
24
724
725
72
5
725
726
726

726
726
726

725
725
724
725

725
724
724

723
723
723

722
721
721

720
719
719
7
19
718
717
71
6
717
716
716

717
716
716

716
717
717

717
717
718

718
718
719
7
19
720
721
7
21
721
721
72
1
721
721
720
72
1
722
723
722

723
723
723

723
723
722

721
721
720

720
719
719
7
18
718
718
7
18
718
718
71
8
719
719
719

719
720
719

720
720
719

719
720
720

721
721
721
7
21
722
722
723

724
724
724
7
25
725
725
72
6
727
726
726

726
726
726

726
727
726

726
726
726

727
726
727
7
27
727
727
7
27
728
727
72
7
727
727
727

728
727
727

726
726
726

726
725
726

725
726
726
7
26
727
727
72
7
727
727
727
7
27
727
727
72
7
727
726
726

726
726
725

724
724
723

723
722
723

723
723
723
7
23
722
722
7
22
723
723
72
2
722
722
722

723
723
723

724
724
724
724

724
725

725
726
725
726

726
726
726
7
26
726
726
7
26
727
727
72
7
727
726
726

726
725
725

724
724
723

723
723
723

723
723
723
7
22
722
721
72
1
721
721
72
2
723
724
725

725
727
728

728
730
730

731
732
732

732
732
732
732

731
731
73
2
732
732
731
7
31
731
731
73
1
732
732
732

733
734
734

735
735
734

734
733
734

733
733
733
7
33
733
733
73
3
734
733
73
3
734
734
734

734
734
735

736
737
736

736
736
736

736
736
735
735

735
734
734
7
34
733
733
73
3
732
731
73
0
730
730
729

729
729
728

728
728
728

728
728
729

729
729
730
7
30
730
730
73
0
730
731
73
1
732
732
732

732
732
732

731
732
732

731
731
731
730

730
730
730

730
730
730
7
31
731
731
73
1
732
732
73
3
734
736
736

738
739
740

740
740
740

740
739
739

738
738
737
7
37
737
737
73
6
736
736
736

736
736
736

736
736
736

735
735
735
734

734
734
734

734
734
735

736
735
735
7
36
736
736
73
7
736
736
73
6
736
735
736

736
736
736

737
737
737

736
736
737

738
737
738
7
39
739
739
73
9
739
739
739

738
738
738

737
738
738

737
737
737
737

737
737
737

737
736
737

737
736
736
7
37
737
737
73
8
738
738
738

739
738
739

738
738
738

737
736
736

735
734
733
7
33
733
732
7
33
733
732
73
2
733
733
733

734
734
734

735
735
735
735

734
734
733

733
732
732

732
731
731

731
731
730
7
30
730
730
73
0
730
730
730

730
731
730

730
730
730

730
730
730

730
729
730
7
30
729
728
7
28
729
729
72
8
729
729
729

729
729
728
728

728
729

728
728
728
728

728
729
729

730
730
730

731
731
732
7
33
733
734
73
4
734
735
735

735
736
737

737
738
738

738
738
739

738
738
738
7
37
736
735
7
34
733
732
73
1
730
729
728

728
728
727

726
727
727
726

726
726
726

726
726
726

726
726
727
7
27
727
728
7
27
726
726
72
6
726
726
727

727
727
727

727
727
727

728
728
729

729
729
730
7
30
730
730
73
1
731
731
73
1
732
732
732

733
732
732
732

733
733
732

732
733
733

734
733
734

734
735
735
7
36
737
737
7
37
736
736
73
6
736
736
736

736
735
734

734
734
733

732
731
731

730
729
728
7
28
728
727
72
8
728
727
72
8
729
729
728
72
8
729
729
729

730
731
731

732
733
734

734
735
736

736
736
737
7
37
738
738
73
8
738
738
73
7
738
738
737

737
737
736

736
735
735

734
734
734

733
733
733
7
33
733
732
733
7
32
732
73
1
731
731
731
73
1
731
730
730

731
732
731

731
731
731

731
731
732

732
732
731
7
32
731
731
73
1
731
731
73
1
731
730
730

729
730
730

730
730
730

730
730
730

731
731
731
732

732
731
73
2
731
730
730

730
730
730

729
729
729
728

728
728
728

728
728
728

728
727
727

728
727
728
7
28
728
728
72
8
728
728
72
7
728
728
728

728
729
728

727
727
728

727
728
729

728
729
729
7
30
730
730
730
7
30
731
731
73
2
732
732
73
2
733
733
734

734
734
735

734
735
735

736
736
736

736
736
735
7
35
735
735
73
4
734
733
733

732
732
731

730
731
730

730
730
730

730
729
730

730
729
730
7
30
730
730
729
7
30
730
730
73
1
731
731
73
0
731
731
730

731
731
731

731
732
732

731
732
733

733
733
733
7
33
734
734
73
4
734
735
735

735
735
735

734
735
735

733
733
733

733
732
732
7
32
730
731
7
30
730
730
72
9
729
728
728

728
728
728
72
8
727
728
728

728
729
730

730
730
730

730
730
729
730
730
730
730
730
731
73
2
732
732
733

733
733
733

733
733
732

732
732
732

732
731
732
7
32
732
731
7
30
730
729
72
8
728
728
728

728
728
728

728
728
729
729

729
729
730

731
732
733

734
735
737
7
38
738
740
7
41
742
743
74
3
744
745
746

746
747
748

748
749
749

750
749
749

749
748
747
7
47
747
747
74
7
747
746
74
6
746
746
746

747
747
748

747
747
747
747

747
747
747

746
746
746

745
746
746
7
45
745
745
7
45
745
746
74
5
746
745
745

745
745
744

744
743
743

743
743
744

744
744
743
7
43
743
743
74
4
744
744
744
7
44
744
744

744
745
745

745
746
747
746

747
748
748

749
750
751

752
752
753
7
54
754
754
7
54
754
754
75
3
754
754
754

754
755
754

755
755
755

755
755
755

755
755
755
7
54
754
754
75
3
752
751
75
0
749
748
746
74
4
743
742
741

740
739
739

739
739
739

739
739
740

740
741
742
7
42
742
743
74
4
744
744
74
4
746
746
745

746
746
747

747
748
748

749
749
750

750
751
750
7
51
751
751
75
0
750
750
749

750
750
748

748
749
748
748

748
748
748

748
748
749

749
748
749

750
750
751
7
52
752
753
75
3
753
753
75
3
754
754
754

755
755
755

756
756
756

756
756
757

758
758
758
7
58
758
758
75
8
757
757
757
75
7
758
757
75
7
758
758
758

758
758
758

758
758
758

757
757
757

757
757
756
7
56
756
755
75
4
755
755
75
5
755
755
756

756
756
756

755
755
755

754
754
755

755
754
755
7
55
756
756
75
6
757
758
758
75
9
759
759
75
9
759
759
759

760
761
761

762
761
761

761
760
760

760
759
759
7
59
758
758
75
8
759
758
758

758
758
758

757
758
757

756
757
757

756
756
755
7
55
755
755
7
55
755
755
75
5
755
755
755
75
5
754
755
75
4
754
754
755

754
754
754

753
754
753

753
752
753

753
752
752
7
52
752
752
75
2
751
751
750

750
751
751

750
751
751

750
750
751

751
751
751
7
51
751
751
751

750
749
749
7
49
749
748
74
8
747
747
746

746
746
746

746
746
745

745
744
744

743
743
743
7
43
742
741
7
41
741
741
74
1
741
741
741

741
742
742

742
743
744

744
745
745

745
745
745
7
45
745
745
7
45
745
746
745
7
46
746
746
74
6
747
747
747

747
748
748

748
749
748

748
748
748

747
747
747
7
47
747
748
7
48
749
749
75
0
751
751
751

752
753
752

752
752
752

752
751
751
751

751
750
751

751
751
75
0
750
750
749
7
49
749
748
74
8
748
749
748

749
748
748

748
748
748

748
748
748

748
749
750
7
50
750
750
7
50
750
750
75
0
750
750
750

749
750
750

749
749
748

748
748
748

748
748
748
748

748
748
749
7
48
748
748
7
48
748
748
74
7
747
747
747

747
747
746

746
747
747

747
746
747

747
747
746
7
47
747
747
74
8
748
748
74
7
748
747
746

746
746
745

745
745
745

745
744
745

746
745
746
7
46
747
747
748
7
48
749
749
7
49
750
750
75
1
751
752
751

751
751
751

751
751
751

750
749
750

749
749
749
7
50
750
749
75
0
750
750
75
0
751
751
751

750
751
751

751
752
752

752
752
752
753

753
753
753

753
753
754
7
53
753
753
75
2
752
752
75
2
752
752
752

751
751
751

750
750
750

750
750
750

750
750
750
7
50
750
750
75
0
751
751
75
1
752
752
752

753
753
754

754
755
755
756

756
756
756

756
756
756

756
756
757
7
57
757
758
75
8
759
759
75
9
759
759
759

759
759
759

758
758
758

757
757
758

758
758
758
7
58
758
758
75
9
759
759
758

758
758
758
75
9
758
757

757
757
757
757

757
758
758

759
759
759

760
760
760
7
60
760
760
76
0
760
759
75
9
758
757
757

755
755
754

754
753
753

752
751
751

750
749
748
7
49
748
747
74
7
747
747
747

748
748
748

749
749
749

749
749
749

750
750
751
752

753
753
753

753
753
753
7
54
753
753
75
3
753
753
753

754
753
753

753
753
753

752
752
752

752
752
752
7
52
751
751
7
51
751
751
75
0
751
751
751

751
751
751

751
752
752

751
751
751

750
750
750
750

749
749
750

749
749
749
7
50
750
750
75
0
752
750
750

750
750
749

746
745
748

750
753
755

756
758
759
7
60
762
762
7
64
764
765
76
5
765
765
766
76
6
766
766
765

765
765
764

764
764
764

764
763
764

763
763
764

764
764
764
7
65
765
765
76
5
765
765
764

765
766
766

766
767
767

767
767
768

767
768
768
7
66
766
766
7
66
767
767
76
7
767
767
767

767
768
768
768

768
768
769

769
770
770

770
770
771

771
770
770
7
70
770
769
7
69
768
767
76
6
767
766
765

765
765
764

764
764
764

764
764
764

763
763
762
7
62
761
761
76
1
761
761
76
0
760
759
759
75
9
759
760
760

760
760
760

761
761
762

762
762
762

762
763
764
7
64
765
765
7
65
766
766
76
6
766
766
765

765
766
766

766
766
766

765
765
765

764
765
765
7
65
765
765
76
5
766
766
76
7
767
768
768
76
9
769
769
769

768
768
767

766
766
766

766
766
765

764
764
765
7
64
765
764
7
64
764
763
76
4
764
764
765

764
764
765

764
765
765

765
765
765

765
765
765
7
65
766
765
76
5
765
765
765
7
65
764
765
76
4
765
765
765

766
766
767

767
768
768

767
767
767

767
767
767
7
67
767
767
76
8
767
767
76
6
766
766
765

765
765
765

764
763
763

763
763
764

764
763
763
764

764
764
765
7
65
766
767
7
68
769
769
76
9
770
769
769

770
770
770

770
770
769

768
767
768

767
768
768
7
69
769
769
76
9
769
769
76
9
769
769
770

769
770
770

769
770
770

770
769
770

770
769
768
7
68
768
768
768
7
67
768
768
76
8
769
769
76
9
770
770
770

771
771
771

771
772
772

771
772
771

771
771
772
7
71
771
771
77
1
771
770
770

770
770
770

770
771
771

772
773
773

773
773
772

773
772
772
7
73
773
774
77
4
774
774
775

776
776
777
77
8
778
778
778

778
778
777

777
777
776

776
775
775

775
775
774
7
74
774
773
77
3
773
773
773

773
772
773

772
773
774

774
775
776

775
776
776
776

775
774
774

774
773
773
7
73
773
773
77
3
773
773
77
3
774
774
774

774
774
774

774
774
774

775
774
775

775
774
774
7
75
775
776
77
6
777
777
777

778
777
777

777
778
778

778
779
780

780
780
780
7
80
781
780
779

779
779
779
7
79
778
778
77
8
778
777
777

777
778
778

777
777
777

777
776
777

777
776
776
7
76
775
775
7
75
776
775
77
5
775
774
774

774
774
774

774
774
774

773
772
774

774
773
774
774

774
774
774

774
775
775
7
75
775
774
77
4
774
774
774

774
774
773

772
771
770

770
769
769

768
768
768
7
68
768
768
7
68
769
769
76
9
770
770
770

771
771
771

771
772
772

772
772
772
772

772
773
773

773
774
774
7
74
774
774
7
75
774
774
77
4
774
774
774

774
774
774

774
774
773

773
773
773

773
773
773
7
73
773
774
7
74
774
773
77
3
774
774
774

774
774
775

775
775
775
775

775
775
774

775
774
774

774
774
773
7
74
774
774
7
74
775
775
77
5
776
776
776

777
777
777

777
777
777

776
776
777

777
776
776
7
76
777
777
77
7
777
777
77
7
777
777
777

777
777
777

777
777
777
777

776
777
776

777
777
777

777
777
777
7
77
777
777
7
78
778
778
77
8
778
778
779

779
779
780

780
781
781

782
782
783

783
783
782
7
82
782
782
78
2
782
782
78
1
781
781
781

781
782
782

781
782
782

782
781
782
782

781
782
782

782
782
782
7
82
781
781
78
2
782
782
78
1
782
782
782

782
782
783

782
783
782

782
782
782

782
782
782
7
82
782
782
78
2
783
783
78
3
783
783
783

784
784
785
784

785
785
785

785
785
785

785
785
785

784
784
783
7
83
782
782
78
2
782
781
78
1
781
781
780

780
781
780

780
780
780

779
779
780

780
780
779
7
79
779
779
77
9
779
779
779
77
9
778
778
77
8
779
778
778

778
778
777

777
777
777

777
777
778

778
777
777
7
78
777
777
77
7
776
776
77
6
775
775
775

775
775
775

775
775
775

776
776
776

776
775
775
7
75
775
775
77
5
776
776
776
77
7
778
779
77
9
780
781
781

782
782
782

782
782
782

782
782
783

783
783
783
7
83
784
784
78
4
784
784
784

784
784
784

784
784
785

784
784
784

784
783
783
7
82
782
781
7
81
781
781
78
1
781
781
780

781
781
781
78
1
781
781
781

781
782
781

781
781
781

781
780
781

781
782
782
7
82
782
783
78
3
783
783
783

784
784
784

783
783
783

783
784
783

783
783
783
7
83
784
784
784

784
784
784
7
84
783
783
78
4
783
783
782

782
783
783

783
783
783

783
783
783

783
783
783

783
783
782
7
82
782
782
78
1
781
781
780

780
780
779

779
779
779

779
779
779

779
778
779
7
80
780
781
7
81
780
781
781
7
82
782
782
78
2
782
782
782

783
782
781

781
781
780

780
780
780

780
779
780
7
80
779
779
7
79
779
779
77
9
779
779
779

779
779
779

779
779
779

779
778
778

778
777
778
7
78
777
777
77
7
777
777
776
7
77
777
776
77
6
777
777
777

777
778
778

777
778
777

777
776
777

776
776
776
7
77
777
777
7
77
778
778
77
8
778
778
778

778
778
778

777
777
777

777
776
777

777
776
775
7
76
776
775
77
6
776
775
775
7
76
776
776
77
6
777
777
778

778
778
778

778
778
779

779
780
781

781
781
781
7
81
781
780
7
80
780
779
77
9
778
778
778

777
777
776

776
775
775

776
776
775

775
775
775
7
75
774
774
77
4
773
774
77
4
775
776
776
77
7
778
778
778

778
779
779

778
778
778

778
777
777

777
777
777
7
77
777
776
77
6
776
776
77
6
777
777
777

776
777
777

776
776
775

775
774
774
774

774
774
7
74
774
774
774
7
75
774
774
7
74
773
773
77
2
772
773
772

773
773
773

773
774
773

774
774
775

774
774
774
7
74
774
773
77
3
773
772
77
1
771
771
771

771
772
772

772
772
772

773
773
774
775

776
776
777

777
778
778
7
80
781
781
78
2
783
783
78
3
784
785
786

786
786
786

786
787
786

787
787
786

787
788
787
7
87
786
785
78
4
783
783
782

782
783
782

781
782
782

781
781
781

780
779
778
776

776
775
775

775
775
774
7
75
775
775
77
6
776
776
77
7
778
779
779

778
779
779

780
781
782

781
782
783

783
783
783
7
83
783
783
78
3
782
782
782

782
783
783

782
783
782

781
780
780

780
779
780
779

779
778
778

778
779
779
7
78
779
778
77
9
779
779
77
9
779
779
778

778
778
778

778
779
779

779
780
780

779
780
779
7
80
780
780
78
0
780
780
780

780
780
780

779
779
778

777
777
777
776

776
776
777

776
776
776

775
775
775
7
75
774
774
77
4
773
773
773

773
773
773

773
774
774

774
774
774

774
774
774
7
74
774
774
7
74
774
775
77
5
775
775
775

775
775
775

775
776
776

776
776
777
778

778
778
7
78
777
778
777

778
778
778
7
79
779
778
77
8
778
778
779

778
778
778

777
777
777

776
776
776

776
777
777
7
77
777
777
7
77
777
777
77
8
779
780
780

780
781
780

780
780
779
777

776
775
775

775
775
776

776
775
776
7
75
775
775
7
75
775
775
77
4
774
774
774

774
775
775

775
775
775

774
774
774

774
775
775
7
75
775
775
7
75
775
775
77
5
775
775
776

775
776
776

776
776
775
775

775
775

775
775
775
775

774
774
774
7
75
774
775
7
75
774
774
77
4
774
774
773

773
773
773

773
774
774

774
774
774

774
774
774
7
75
775
775
77
6
775
775
775
7
75
775
775

775
775
776
775

775
775

775
775
775
775

775
775
776

775
775
776
7
76
776
775
7
76
776
776
77
6
776
776
777

777
777
778

778
778
778

778
778
779

778
777
777
7
76
775
774
77
4
774
774
77
4
775
775
776
77
7
778
779

780
781
782

782
782
783
783

783
783
783

783
782
782
7
82
782
782
78
2
782
782
78
1
781
780
780

780
780
779

779
779
779

779
780
780

781
782
782
783

784
785
78
5
786
785
78
5
786
786
786
78
6
787
787
788

788
788
789

789
789
790

790
789
789

789
790
790
7
91
790
790
79
0
789
789
78
9
789
790
790

789
789
789

789
789
789

789
789
789

789
789
788
7
89
790
790
79
0
791
792
794

795
797
797
79
8
799
799
800

800
800
800

800
800
801

800
799
800

799
799
799
8
00
801
800
80
0
800
801
80
1
802
802
803

803
804
804

805
805
805

805
806
807

806
807
806
806

806
806
80
6
806
806
807
80
7
808
808
80
7
807
807
806

806
806
806

806
806
806

806
806
806

806
806
806
8
06
806
806
80
5
804
804
803

803
802
801

800
801
800

799
800
800

800
802
803
8
03
805
806
807

807
808
808
8
09
810
810
81
1
812
812
81
2
813
813
812

813
813
813

812
812
812

812
811
811

810
809
808
8
08
808
808
80
7
808
807
807

807
807
808

808
809
809

809
809
810

810
810
811
8
10
811
811
811

811
812
812
8
11
811
811
81
1
810
809
808

808
807
806

806
807
807

808
809
810

810
810
811

812
812
812
8
12
812
811
81
1
811
811
810

810
810
809

809
809
808

808
809
809

809
809
809
8
09
810
810
810

810
810
810
8
10
810
809
80
9
809
808
808

808
808
807

807
807
808

807
807
807

806
805
805
8
06
806
807
8
07
808
808
80
9
809
808
808

808
807
807

807
807
806

806
805
805

806
806
807
807

808
808
809

809
810
809
8
10
810
810
80
9
809
809
809

810
811
811

812
811
811

811
811
811

810
810
810
8
11
811
811
8
11
811
810
81
1
811
810
811

811
811
811

810
810
809

809
808
809

808
808
808
807

807
807
80
7
807
806
807
8
07
808
808
80
8
808
809
809

810
810
810

810
811
811

811
811
811

811
811
811
8
11
811
811
81
2
813
814
81
5
815
816
817

817
817
818

818
819
819

818
818
818
818

818
818
8
18
819
818
81
8
818
817
817
8
17
816
816
81
5
815
815
813

813
811
811

810
810
810

809
809
809

808
808
807
8
08
808
807
80
7
806
806
80
5
806
806
806

806
806
806
807

807
808
809

809
810

809
810
810
811

811
811
812
8
12
813
813
8
13
813
813
81
2
812
812
812

812
812
812

812
812
812

812
812
813

813
813
813
8
14
814
814
81
4
814
813
81
3
813
813
813

813
813
813
812

812
811